sh600108        亚盛集团        　2.79  -0.02   -0.712% 2.79    2.80    2.81    2.82    2.82    2.77    105,671 2,954.81        收藏    股吧
sh600354        敦煌种业        　3.97  -0.01   -0.251% 3.96    3.97    3.98    3.98    4.00    3.96    37,847  1,503.05        收藏    股吧
sh600359        新农开发        　4.65  +0.07   +1.528% 4.65    4.66    4.58    4.57    4.67    4.53    72,666  3,354.87        收藏    股吧
sh600371        万向德农        　6.72  +0.07   +1.053% 6.71    6.72    6.65    6.70    6.82    6.66    11,577  779.69  收藏    股吧
sh600506        香梨股份        　9.88  -0.09   -0.903% 9.88    9.90    9.97    9.99    10.07   9.85    19,392  1,924.08        收藏    股吧
sh600540        新赛股份        　3.88  +0.05   +1.305% 3.87    3.88    3.83    3.83    3.90    3.81    43,217  1,674.92        收藏    股吧
sh600598        北大荒  　8.63  +0.01   +0.116% 8.62    8.63    8.62    8.63    8.65    8.58    62,147  5,357.22        收藏    股吧
sh601118        海南橡胶        　4.93  0.00    0.000%  4.92    4.93    4.93    4.94    4.96    4.90    133,789 6,581.92        收藏    股吧
sh601952        苏垦农发        　6.82  0.00    0.000%  6.82    6.83    6.82    6.82    6.85    6.78    70,755  4,825.74        收藏    股吧
sh603336        宏辉果蔬        　17.52 -0.06   -0.341% 17.52   17.53   17.58   17.50   17.65   17.41   36,278  6,354.51        收藏    股吧
sz000713        丰乐种业        　4.88  +0.03   +0.619% 4.87    4.88    4.85    4.85    4.89    4.84    21,496  1,047.83        收藏    股吧
sz000998        隆平高科        　14.70 -0.07   -0.474% 14.69   14.70   14.77   14.80   14.85   14.67   46,593  6,869.87        收藏    股吧
sz002041        登海种业        　5.88  -0.01   -0.170% 5.87    5.88    5.89    5.92    5.95    5.86    37,020  2,186.68        收藏    股吧
sz002772        众兴菌业        　7.06  +0.04   +0.570% 7.05    7.06    7.02    7.00    7.07    7.00    18,610  1,309.44        收藏    股吧
sz300087        荃银高科        　9.60  -0.07   -0.724% 9.59    9.60    9.67    9.64    9.67    9.58    3,819   366.89  收藏    股吧
sz300189        神农基因        　2.80  -0.04   -1.408% 2.80    2.81    2.84    2.92    2.94    2.80    95,999  2,737.01        收藏    股吧
sz300511        雪榕生物        　6.33  +0.06   +0.957% 6.33    6.34    6.27    6.29    6.39    6.25    30,842  1,948.26        收藏    股吧
