sh600127        金健米业        　3.06  -0.01   -0.326% 3.06    3.07    3.07    3.07    3.09    3.05    22,343  685.21  收藏    股吧
sh600191        华资实业        　4.50  -0.08   -1.747% 4.50    4.51    4.58    4.53    4.61    4.49    36,064  1,637.66        收藏    股吧
sh600251        冠农股份        　5.19  +0.01   +0.193% 5.19    5.20    5.18    5.17    5.21    5.16    15,069  782.24  收藏    股吧
sh600298        安琪酵母        　25.16 +0.58   +2.360% 25.15   25.16   24.58   24.80   25.27   24.60   58,923  14,734.55       收藏    股吧
sh600737        中粮糖业        　7.13  -0.04   -0.558% 7.12    7.13    7.17    7.17    7.19    7.11    29,310  2,094.23        收藏    股吧
sh600873        梅花生物        　4.14  +0.02   +0.485% 4.13    4.14    4.12    4.13    4.16    4.11    70,269  2,907.91        收藏    股吧
sh600962        国投中鲁        　8.38  -0.15   -1.758% 8.37    8.38    8.53    8.53    8.59    8.36    22,089  1,864.24        收藏    股吧
sz000505        京粮控股        　6.51  +0.01   +0.154% 6.51    6.52    6.50    6.49    6.64    6.40    86,871  5,656.75        收藏    股吧
sz000576        广东甘化        　6.97  -0.12   -1.693% 6.96    6.97    7.09    7.15    7.15    6.93    111,236 7,800.68        收藏    股吧
sz000639        西王食品        　7.31  +0.14   +1.953% 7.31    7.32    7.17    7.17    7.35    7.14    43,924  3,194.76        收藏    股吧
sz000893        *ST东凌 　4.25  -0.07   -1.620% 4.25    4.26    4.32    4.27    4.34    4.20    15,237  650.79  收藏    股吧
sz000911        南宁糖业        　6.13  -0.03   -0.487% 6.13    6.14    6.16    6.16    6.21    6.11    16,257  999.36  收藏    股吧
sz000930        中粮生化        　7.99  -0.01   -0.125% 7.99    8.00    8.00    8.04    8.05    7.98    38,213  3,062.13        收藏    股吧
sz000972        ST中基  　3.01  -0.02   -0.660% 3.01    3.02    3.03    2.98    3.06    2.96    31,253  940.79  收藏    股吧
sz002220        天宝食品        　3.12  -0.01   -0.319% 3.12    3.13    3.13    3.14    3.18    3.06    259,110 8,098.62        收藏    股吧
sz002286        保龄宝  　6.01  +0.10   +1.692% 6.01    6.02    5.91    5.92    6.07    5.92    20,845  1,252.67        收藏    股吧
sz002604        *ST龙力 　1.98  -0.03   -1.493% 1.97    1.98    2.01    1.99    2.04    1.95    81,439  1,621.85        收藏    股吧
sz002852        道道全  　12.58 +0.04   +0.319% 12.57   12.58   12.54   12.58   12.74   12.50   10,677  1,345.99        收藏    股吧
sz300138        晨光生物        　5.52  +0.08   +1.471% 5.50    5.52    5.44    5.47    5.53    5.42    23,312  1,275.61        收藏    股吧
sz300149        量子生物        　14.71 -0.04   -0.271% 14.70   14.71   14.75   14.78   14.95   14.50   11,100  1,639.64        收藏    股吧
sz300175        朗源股份        　4.53  -0.47   -9.400% 4.53    4.54    5.00    4.82    5.05    4.51    431,402 20,581.37       收藏    股吧
sz300268        佳沃股份        　11.15 -0.19   -1.675% 11.14   11.15   11.34   11.33   11.44   11.05   7,544   844.48  收藏    股吧

