sh600039        四川路桥        　3.41  0.00    0.000%  3.40    3.41    3.41    3.43    3.43    3.38    65,242  2,216.57        收藏    股吧
sh600068        葛洲坝  　6.78  0.00    0.000%  6.77    6.78    6.78    6.82    6.82    6.71    172,637 11,674.00       收藏    股吧
sh600133        东湖高新        　5.89  +0.06   +1.029% 5.89    5.90    5.83    5.82    5.93    5.77    107,729 6,313.18        收藏    股吧
sh600284        浦东建设        　5.20  +0.01   +0.193% 5.19    5.20    5.19    5.20    5.23    5.18    22,925  1,191.32        收藏    股吧
sh600326        西藏天路        　6.98  +0.09   +1.306% 6.97    6.98    6.89    6.91    7.02    6.90    113,907 7,927.70        收藏    股吧
sh600502        安徽水利        　3.96  +0.01   +0.253% 3.96    3.97    3.95    3.96    3.97    3.92    62,182  2,453.75        收藏    股吧
sh600512        腾达建设        　2.39  -0.03   -1.240% 2.38    2.39    2.42    2.42    2.44    2.38    227,824 5,476.74        收藏    股吧
sh600528        中铁工业        　10.39 +0.01   +0.096% 10.38   10.39   10.38   10.42   10.51   10.35   87,278  9,102.10        收藏    股吧
sh600820        隧道股份        　5.88  +0.05   +0.858% 5.88    5.89    5.83    5.87    5.90    5.84    87,067  5,109.17        收藏    股吧
sh600853        龙建股份        　3.77  +0.02   +0.533% 3.77    3.78    3.75    3.77    3.79    3.74    18,074  680.87  收藏    股吧
sh601186        中国铁建        　11.32 -0.08   -0.702% 11.32   11.33   11.40   11.49   11.55   11.27   417,788 47,475.25       收藏    股吧
sh601390        中国中铁        　7.24  +0.07   +0.976% 7.23    7.24    7.17    7.21    7.25    7.18    238,776 17,234.66       收藏    股吧
sh601611        中国核建        　7.34  -0.12   -1.609% 7.34    7.35    7.46    7.47    7.53    7.29    70,861  5,242.84        收藏    股吧
sh601669        中国电建        　4.84  +0.04   +0.833% 4.83    4.84    4.80    4.81    4.86    4.80    184,777 8,919.48        收藏    股吧
sh601800        中国交建        　11.90 +0.13   +1.105% 11.90   11.91   11.77   11.85   11.97   11.78   133,486 15,871.94       收藏    股吧
sh603017        中衡设计        　10.44 +0.06   +0.578% 10.44   10.45   10.38   10.52   10.52   10.31   22,526  2,349.96        收藏    股吧
sh603018        中设集团        　17.60 0.00    0.000%  17.60   17.61   17.60   17.76   17.76   17.41   15,477  2,729.79        收藏    股吧
sh603357        设计总院        　21.08 -0.30   -1.403% 21.08   21.11   21.38   21.38   21.55   21.03   26,173  5,557.81        收藏    股吧
sh603458        勘设股份        　30.96 -0.13   -0.418% 30.96   30.97   31.09   31.25   31.29   30.91   6,067   1,887.69        收藏    股吧
sh603843        正平股份        　8.41  +0.02   +0.238% 8.41    8.42    8.39    8.42    8.49    8.34    51,987  4,379.78        收藏    股吧
sh603860        中公高科        　26.99 +1.22   +4.734% 26.99   27.00   25.77   25.49   27.00   25.26   8,286   2,173.55        收藏    股吧
sh603909        合诚股份        　24.52 +0.65   +2.723% 24.52   24.53   23.87   23.57   24.88   23.57   15,775  3,772.73        收藏    股吧
sz000498        山东路桥        　4.91  +0.04   +0.821% 4.90    4.91    4.87    4.89    4.94    4.85    68,674  3,359.60        收藏    股吧
sz002060        粤 水 电        　2.86  0.00    0.000%  2.86    2.87    2.86    2.87    2.88    2.85    12,031  344.57  收藏    股吧
sz002061        浙江交科        　11.98 -0.15   -1.237% 11.97   11.98   12.13   12.11   12.13   11.90   46,591  5,586.64        收藏    股吧
sz002062        宏润建设        　4.02  +0.01   +0.249% 4.01    4.02    4.01    4.01    4.04    4.00    10,174  408.87  收藏    股吧
sz002116        中国海诚        　7.43  0.00    0.000%  7.43    7.44    7.43    7.48    7.48    7.36    10,488  777.92  收藏    股吧
sz002307        北新路桥        　5.75  +0.09   +1.590% 5.74    5.75    5.66    5.66    5.77    5.64    109,032 6,207.62        收藏    股吧
sz002586        围海股份        　5.05  +0.13   +2.642% 5.04    5.05    4.92    4.92    5.05    4.92    63,807  3,200.00        收藏    股吧
sz002628        成都路桥        　4.78  +0.03   +0.632% 4.78    4.79    4.75    4.77    4.84    4.75    103,228 4,955.29        收藏    股吧
sz002883        中设股份        　20.63 -0.02   -0.097% 20.63   20.64   20.65   20.77   20.90   20.61   5,510   1,142.83        收藏    股吧
sz002941        新疆交建        　21.18 -0.21   -0.982% 21.17   21.18   21.39   21.12   22.81   20.67   350,326 75,469.22       收藏    股吧
sz300284        苏交科  　11.10 +0.27   +2.493% 11.09   11.10   10.83   10.83   11.18   10.70   67,936  7,420.79        收藏    股吧
sz300712        永福股份        　14.55 -0.04   -0.274% 14.55   14.60   14.59   14.65   14.71   14.55   5,885   862.30  收藏    股吧
sz300732        设研院  　32.03 +0.28   +0.882% 32.03   32.04   31.75   31.70   32.24   30.81   15,092  4,776.91        收藏    股吧
sz300746        汉嘉设计        　18.32 +1.67   +10.030%        18.32   0.00    16.65   16.97   18.32   16.94   35,226  6,326.87        收藏    股吧
