sh600072	中船科技	　7.91	-0.01	-0.126%	7.91	7.92	7.92	7.94	8.02	7.83	38,866	3,068.05	收藏	股吧
sh600150	*ST船舶	　13.59	-0.07	-0.512%	13.58	13.59	13.66	13.63	13.71	13.48	59,522	8,082.23	收藏	股吧
sh600685	中船防务	　10.70	-0.05	-0.465%	10.70	10.71	10.75	10.75	10.84	10.60	46,092	4,928.41	收藏	股吧
sh601890	亚星锚链	　3.89	+0.03	+0.777%	3.88	3.89	3.86	3.87	3.92	3.85	46,245	1,795.77	收藏	股吧
sh601989	中国重工	　4.29	-0.01	-0.233%	4.28	4.29	4.30	4.29	4.30	4.26	501,999	21,481.22	收藏	股吧
sz300008	天海防务	　3.17	+0.04	+1.278%	3.16	3.17	3.13	3.14	3.19	3.12	147,166	4,657.38	收藏	股吧
sz300123	亚光科技	　8.87	+0.17	+1.954%	8.87	8.88	8.70	8.70	8.88	8.70	51,715	4,556.39	收藏	股吧
sz300589	江龙船艇	　11.51	+0.03	+0.261%	11.51	11.52	11.48	11.55	11.58	11.41	23,602	2,713.60	收藏	股吧
sz300600	瑞特股份	　18.99	+0.27	+1.442%	18.98	18.99	18.72	19.00	19.58	18.70	62,745	11,983.79	收藏	股吧

