sh600006        东风汽车        　3.80  +0.04   +1.064% 3.80    3.81    3.76    3.79    3.84    3.76    51,077  1,941.09        收藏    股吧
sh600066        宇通客车        　12.03 +0.31   +2.645% 12.03   12.04   11.72   11.79   12.07   11.72   79,190  9,445.27        收藏    股吧
sh600104        上汽集团        　24.73 +0.27   +1.104% 24.73   24.74   24.46   24.68   24.87   24.54   114,809 28,426.70       收藏    股吧
sh600166        福田汽车        　1.82  +0.02   +1.111% 1.81    1.82    1.80    1.80    1.84    1.80    176,868 3,217.99        收藏    股吧
sh600213        亚星客车        　6.49  0.00    0.000%  6.48    6.49    6.49    6.47    6.58    6.47    20,907  1,367.75        收藏    股吧
sh600303        曙光股份        　4.05  -0.07   -1.699% 4.05    4.06    4.12    4.08    4.13    4.05    115,317 4,701.46        收藏    股吧
sh600418        江淮汽车        　5.13  +0.01   +0.195% 5.12    5.13    5.12    5.23    5.25    5.13    128,386 6,667.41        收藏    股吧
sh600609        金杯汽车        　3.51  +0.03   +0.862% 3.51    3.52    3.48    3.51    3.53    3.47    26,895  940.91  收藏    股吧
sh600686        金龙汽车        　7.88  +0.11   +1.416% 7.87    7.88    7.77    7.78    7.96    7.78    38,531  3,030.11        收藏    股吧
sh600733        北汽蓝谷        　9.59  +0.14   +1.481% 9.59    9.60    9.45    9.52    9.69    9.45    187,221 17,937.99       收藏    股吧
sh601127        小康股份        　16.45 +0.18   +1.106% 16.40   16.45   16.27   16.23   16.48   16.23   19,639  3,213.15        收藏    股吧
sh601238        广汽集团        　10.44 +0.04   +0.385% 10.44   10.45   10.40   10.49   10.53   10.43   39,243  4,110.33        收藏    股吧
sh601633        长城汽车        　5.90  0.00    0.000%  5.90    5.91    5.90    5.92    5.94    5.87    128,854 7,607.93        收藏    股吧
sh601777        力帆股份        　4.11  -0.02   -0.484% 4.11    4.12    4.13    4.15    4.19    4.10    74,904  3,100.23        收藏    股吧
sz000550        江铃汽车        　11.94 +0.52   +4.553% 11.94   11.95   11.42   11.46   12.21   11.44   34,795  4,142.07        收藏    股吧
sz000572        海马汽车        　2.60  +0.01   +0.386% 2.59    2.60    2.59    2.61    2.72    2.57    505,415 13,319.89       收藏    股吧
sz000625        长安汽车        　6.31  +0.09   +1.447% 6.30    6.31    6.22    6.25    6.35    6.20    86,661  5,462.75        收藏    股吧
sz000800        一汽轿车        　7.32  +0.02   +0.274% 7.32    7.33    7.30    7.34    7.42    7.30    40,520  2,977.10        收藏    股吧
sz000868        安凯客车        　4.02  +0.06   +1.515% 4.01    4.02    3.96    4.00    4.06    3.98    127,747 5,143.37        收藏    股吧
sz000927        一汽夏利        　3.49  +0.05   +1.453% 3.49    3.50    3.44    3.46    3.51    3.45    49,810  1,733.96        收藏    股吧
sz000951        中国重汽        　11.48 -0.21   -1.796% 11.48   11.49   11.69   11.69   11.76   11.43   31,315  3,620.00        收藏    股吧
sz000957        中通客车        　4.94  +0.09   +1.856% 4.93    4.94    4.85    4.89    4.98    4.88    32,229  1,591.90        收藏    股吧
sz002594        比亚迪  　58.25 +2.09   +3.722% 58.25   58.26   56.16   56.70   58.48   56.60   131,204 75,659.00       收藏    股吧
