sh600311        荣华实业        　3.95  -0.04   -1.003% 3.95    3.96    3.99    3.95    4.00    3.87    377,993 14,868.75       收藏    股吧
sh600385        山东金泰        　10.48 +0.01   +0.096% 10.47   10.48   10.47   10.46   10.70   10.39   3,596   377.44  收藏    股吧
sh600489        中金黄金        　8.48  0.00    0.000%  8.47    8.48    8.48    8.41    8.53    8.37    324,516 27,381.83       收藏    股吧
sh600547        山东黄金        　29.73 +0.16   +0.541% 29.72   29.73   29.57   29.20   29.82   29.13   204,327 60,342.94       收藏    股吧
sh600687        刚泰控股        　4.85  -0.10   -2.020% 4.85    4.86    4.95    4.93    4.96    4.81    293,207 14,309.86       收藏    股吧
sh600766        园城黄金        　8.39  -0.09   -1.061% 8.39    8.40    8.48    8.36    8.49    8.27    188,467 15,771.32       收藏    股吧
sh600988        赤峰黄金        　4.49  -0.07   -1.535% 4.49    4.50    4.56    4.52    4.56    4.47    220,515 9,937.27        收藏    股吧
sh601069        西部黄金        　15.48 -0.21   -1.338% 15.48   15.49   15.69   15.52   15.65   15.38   92,770  14,384.05       收藏    股吧
sh601899        紫金矿业        　3.43  -0.05   -1.437% 3.43    3.44    3.48    3.47    3.48    3.41    809,439 27,913.31       收藏    股吧
sz002155        湖南黄金        　7.40  -0.09   -1.202% 7.40    7.41    7.49    7.40    7.49    7.33    230,710 17,088.25       收藏    股吧
sz002237        恒邦股份        　8.45  -0.05   -0.588% 8.45    8.46    8.50    8.42    8.49    8.35    178,718 15,048.62       收藏    股吧:w

