sh600143        金发科技        　4.85  +0.08   +1.677% 4.85    4.86    4.77    4.83    4.91    4.81    103,720 5,038.17        收藏    股吧
sh601208        东材科技        　3.82  +0.01   +0.262% 3.81    3.82    3.81    3.82    3.86    3.79    15,595  596.63  收藏    股吧
sh603266        天龙股份        　14.29 +0.03   +0.210% 14.29   14.30   14.26   14.26   14.35   14.15   6,996   997.81  收藏    股吧
sh603580        艾艾精工        　16.53 +0.18   +1.101% 16.50   16.53   16.35   16.43   16.76   16.33   10,949  1,811.16        收藏    股吧
sh603615        茶花股份        　8.95  +0.06   +0.675% 8.94    8.95    8.89    8.88    9.00    8.88    9,318   833.68  收藏    股吧
sh603991        至正股份        　18.52 -0.07   -0.377% 18.36   18.52   18.59   18.80   18.83   18.31   5,283   978.78  收藏    股吧
sz000859        国风塑业        　3.07  -0.01   -0.325% 3.07    3.08    3.08    3.08    3.09    3.04    23,110  708.15  收藏    股吧
sz000973        佛塑科技        　3.66  +0.01   +0.274% 3.66    3.67    3.65    3.65    3.72    3.60    109,855 4,029.55        收藏    股吧
sz002108        沧州明珠        　4.94  +0.11   +2.277% 4.94    4.95    4.83    4.84    5.04    4.82    498,512 24,580.44       收藏    股吧
sz002263        *ST东南 　1.66  -0.04   -2.353% 1.66    1.67    1.70    1.70    1.70    1.65    132,913 2,221.49        收藏    股吧
sz002324        普利特  　9.72  +0.03   +0.310% 9.71    9.72    9.69    9.70    9.84    9.60    15,685  1,522.61        收藏    股吧
sz002382        蓝帆医疗        　16.17 -0.03   -0.185% 16.16   16.17   16.20   16.31   16.31   15.94   10,288  1,660.68        收藏    股吧
sz002395        双象股份        　11.97 +0.18   +1.527% 11.96   11.97   11.79   11.80   11.99   11.80   12,287  1,465.17        收藏    股吧
sz002450        康得新  　9.27  -0.26   -2.728% 9.27    9.28    9.53    9.60    9.61    9.24    514,887 48,354.63       收藏    股吧
sz002768        国恩股份        　29.98 +2.73   +10.018%        29.98   0.00    27.25   26.99   29.98   26.92   119,822 34,140.99       收藏    股吧
sz002825        纳尔股份        　16.42 -0.23   -1.381% 16.41   16.42   16.65   16.58   16.70   16.30   17,876  2,947.70        收藏    股吧
sz002838        道恩股份        　18.52 +0.42   +2.320% 18.52   18.53   18.10   18.27   18.66   18.13   9,863   1,823.27        收藏    股吧
sz002886        沃特股份        　18.05 -0.80   -4.244% 18.05   18.06   18.85   18.60   18.65   17.80   48,088  8,778.68        收藏    股吧
sz300180        华峰超纤        　12.30 +0.25   +2.075% 12.29   12.30   12.05   12.13   12.33   12.04   30,937  3,772.92        收藏    股吧
sz300218        安利股份        　6.79  +0.12   +1.799% 6.75    6.79    6.67    6.66    6.84    6.66    11,059  751.29  收藏    股吧
sz300221        银禧科技        　6.95  +0.31   +4.669% 6.94    6.95    6.64    6.65    7.21    6.61    325,671 22,562.01       收藏    股吧
sz300230        永利股份        　5.10  +0.04   +0.791% 5.09    5.10    5.06    5.08    5.11    5.03    42,072  2,132.60        收藏    股吧
sz300305        裕兴股份        　7.22  +0.03   +0.417% 7.22    7.23    7.19    7.21    7.26    7.16    6,743   486.15  收藏    股吧
sz300321        同大股份        　13.73 +0.17   +1.254% 13.70   13.73   13.56   13.66   13.92   13.57   4,026   553.03  收藏    股吧
sz300325        德威新材        　3.93  +0.13   +3.421% 3.93    3.94    3.80    3.90    4.18    3.85    1,456,684       58,926.75       收藏    股吧
sz300478        杭州高新        　17.62 +0.02   +0.114% 17.58   17.62   17.60   17.56   17.74   17.49   10,725  1,886.07        收藏    股吧
sz300538        同益股份        　20.52 +0.32   +1.584% 20.51   20.52   20.20   20.20   20.52   20.02   10,968  2,227.70        收藏    股吧
sz300539        横河模具        　8.10  +0.02   +0.248% 8.10    8.12    8.08    8.02    8.16    7.97    6,820   550.32  收藏    股吧
sz300586        美联新材        　11.20 +0.16   +1.449% 11.19   11.20   11.04   11.20   11.59   11.01   48,725  5,503.44        收藏    股吧
sz300644        南京聚隆        　37.10 -0.87   -2.291% 37.10   37.11   37.97   37.47   38.48   37.01   37,403  14,029.10       收藏    股吧
sz300716        国立科技        　11.74 +0.01   +0.085% 11.74   11.75   11.73   11.73   11.90   11.70   7,176   844.22  收藏    股吧
sz300717        华信新材        　15.03 +0.03   +0.200% 15.03   15.05   15.00   15.12   15.19   14.94   6,722   1,012.63        收藏    股吧
