sh600105        永鼎股份        　4.08  -0.15   -3.546% 4.08    4.09    4.23    4.22    4.22    4.05    217,237 8,955.33        收藏    股吧
sh600130        波导股份        　3.89  -0.14   -3.474% 3.89    3.90    4.03    4.06    4.06    3.88    339,828 13,368.76       收藏    股吧
sh600198        *ST大唐 　6.60  -0.29   -4.209% 6.60    6.61    6.89    6.89    6.95    6.57    120,235 8,084.20        收藏    股吧
sh600260        凯乐科技        　18.54 -0.43   -2.267% 18.54   18.55   18.97   19.00   19.07   18.43   134,629 25,082.92       收藏    股吧
sh600289        *ST信通 　2.86  -0.03   -1.038% 2.85    2.86    2.89    2.87    2.92    2.77    82,172  2,336.11        收藏    股吧
sh600293        三峡新材        　4.21  0.00    0.000%  4.21    4.22    4.21    4.21    4.27    4.17    36,141  1,525.78        收藏    股吧
sh600345        长江通信        　21.15 -0.33   -1.536% 21.14   21.15   21.48   21.70   21.70   21.12   48,402  10,312.02       收藏    股吧
sh600355        精伦电子        　3.56  -0.03   -0.836% 3.56    3.57    3.59    3.63    3.66    3.54    95,580  3,434.41        收藏    股吧
sh600462        九有股份        　3.64  +0.14   +4.000% 3.63    3.64    3.50    3.52    3.81    3.52    573,604 21,026.75       收藏    股吧
sh600485        信威集团        　14.59 0.00    0.000%  0.00    0.00    14.59   0.00    0.00    0.00    0       0.00    收藏    股吧
sh600487        亨通光电        　17.31 -0.12   -0.688% 17.31   17.32   17.43   17.59   17.63   17.27   158,491 27,543.93       收藏    股吧
sh600498        烽火通信        　27.95 -0.33   -1.167% 27.95   27.96   28.28   28.39   28.50   27.86   111,213 31,215.60       收藏    股吧
sh600522        中天科技        　8.03  -0.09   -1.108% 8.03    8.04    8.12    8.15    8.17    8.01    242,393 19,529.73       收藏    股吧
sh600680        *ST上普 　7.69  0.00    0.000%  0.00    0.00    7.69    0.00    0.00    0.00    0       0.00    收藏    股吧
sh600734        实达集团        　6.66  -0.27   -3.896% 6.66    6.67    6.93    6.88    6.95    6.61    196,481 13,221.53       收藏    股吧
sh600775        南京熊猫        　6.24  -0.40   -6.024% 6.24    6.25    6.64    6.44    6.54    6.14    348,658 22,034.05       收藏    股吧
sh600776        东方通信        　7.16  -0.54   -7.013% 7.16    7.17    7.70    7.00    7.64    6.98    936,907 67,810.69       收藏    股吧
sh600804        鹏博士  　7.89  -0.14   -1.743% 7.88    7.89    8.03    8.09    8.10    7.83    171,256 13,555.84       收藏    股吧
sh601869        XD长飞光        　37.39 -0.84   -2.197% 37.38   37.39   38.23   38.16   38.25   37.27   37,719  14,189.11       收藏    股吧
sh603042        华脉科技        　14.53 -0.36   -2.418% 14.52   14.53   14.89   14.78   14.83   14.32   28,187  4,100.22        收藏    股吧
sh603083        剑桥科技        　22.18 -0.65   -2.847% 22.17   22.18   22.83   22.75   22.95   22.04   29,162  6,531.72        收藏    股吧
sh603118        共进股份        　6.16  -0.19   -2.992% 6.15    6.16    6.35    6.34    6.34    6.11    83,400  5,178.77        收藏    股吧
sh603220        贝通信  　20.69 -0.59   -2.773% 20.69   20.70   21.28   20.95   21.26   20.21   247,190 51,100.68       收藏    股吧
sh603322        超讯通信        　24.40 -0.78   -3.098% 24.39   24.40   25.18   25.13   25.17   24.31   15,389  3,779.31        收藏    股吧
sh603421        鼎信通讯        　20.00 -0.62   -3.007% 19.92   20.00   20.62   20.28   20.55   19.72   11,660  2,338.30        收藏    股吧
sh603559        中通国脉        　22.04 -0.54   -2.391% 22.03   22.04   22.58   22.45   22.45   21.92   42,404  9,365.81        收藏    股吧
sh603602        纵横通信        　25.06 -0.56   -2.186% 25.06   25.07   25.62   25.50   25.59   24.89   23,284  5,841.85        收藏    股吧
sh603703        盛洋科技        　9.14  -0.43   -4.493% 9.13    9.14    9.57    9.40    9.41    9.11    82,152  7,593.77        收藏    股吧
sh603712        七一二  　16.81 +0.36   +2.188% 16.80   16.81   16.45   16.55   16.95   16.41   50,103  8,394.01        收藏    股吧
sh603803        瑞斯康达        　10.39 -0.39   -3.618% 10.39   10.40   10.78   10.66   10.66   10.31   204,079 21,330.10       收藏    股吧
sz000032        深桑达Ａ        　7.86  -0.23   -2.843% 7.86    7.87    8.09    7.93    8.10    7.77    61,707  4,864.51        收藏    股吧
sz000063        中兴通讯        　20.00 -0.34   -1.672% 20.00   20.01   20.34   20.41   20.54   19.90   803,590 161,716.49      收藏    股吧
sz000070        特发信息        　7.27  -0.18   -2.416% 7.26    7.27    7.45    7.46    7.53    7.25    71,917  5,272.93        收藏    股吧
sz000561        烽火电子        　6.20  -0.12   -1.899% 6.20    6.21    6.32    6.33    6.33    6.17    80,823  5,035.52        收藏    股吧
sz000586        汇源通信        　8.18  -0.32   -3.765% 8.18    8.20    8.50    8.42    8.43    8.16    42,295  3,501.06        收藏    股吧
sz000687        华讯方舟        　7.54  +0.09   +1.208% 7.54    7.55    7.45    7.40    7.96    7.40    224,214 17,118.49       收藏    股吧
sz000836        富通鑫茂        　4.14  -0.09   -2.128% 4.13    4.14    4.23    4.21    4.24    4.11    103,457 4,304.15        收藏    股吧
sz000851        高鸿股份        　4.67  -0.18   -3.711% 4.67    4.68    4.85    4.85    4.91    4.65    273,036 12,965.48       收藏    股吧
sz000971        高升控股        　3.84  -0.06   -1.538% 3.84    3.85    3.90    3.91    3.94    3.84    89,089  3,452.41        收藏    股吧
sz002017        东信和平        　7.14  -0.55   -7.152% 7.13    7.14    7.69    7.23    7.55    7.04    289,365 21,091.36       
sz002089        新 海 宜        　4.69  -0.34   -6.759% 4.68    4.69    5.03    4.90    5.00    4.68    932,990 44,640.51       收藏    股吧
sz002093        国脉科技        　7.17  -0.31   -4.144% 7.17    7.18    7.48    7.35    7.36    7.10    178,682 12,878.60       收藏    股吧
sz002104        恒宝股份        　5.92  -0.18   -2.951% 5.91    5.92    6.10    6.00    6.04    5.90    122,790 7,319.40        收藏    股吧
sz002115        三维通信        　9.15  -0.29   -3.072% 9.14    9.15    9.44    9.54    9.58    9.15    169,813 15,725.88       收藏    股吧
sz002194        *ST凡谷 　6.06  -0.09   -1.463% 6.06    6.07    6.15    6.15    6.26    5.99    143,728 8,819.81        收藏    股吧
sz002231        奥维通信        　6.95  0.00    0.000%  6.95    6.96    6.95    6.91    7.16    6.85    104,893 7,352.03        收藏    股吧
sz002281        光迅科技        　25.68 -0.15   -0.581% 25.67   25.68   25.83   26.09   26.14   25.51   61,759  15,867.31       收藏    股吧
sz002313        日海智能        　21.55 -0.35   -1.598% 21.51   21.55   21.90   22.06   22.07   21.29   42,526  9,182.61        收藏    股吧
sz002316        亚联发展        　6.81  -0.24   -3.404% 6.81    6.82    7.05    7.10    7.14    6.77    95,390  6,579.04        收藏    股吧
sz002359        北讯集团        　9.17  -0.18   -1.925% 9.16    9.17    9.35    9.60    9.70    9.10    463,168 43,294.82       收藏    股吧
sz002396        星网锐捷        　18.00 -0.14   -0.772% 18.00   18.01   18.14   18.16   18.28   17.83   41,237  7,437.89        收藏    股吧
sz002417        深南股份        　7.56  -0.22   -2.828% 7.56    7.57    7.78    7.79    7.79    7.53    44,711  3,408.52        收藏    股吧
sz002446        盛路通信        　6.85  -0.28   -3.927% 6.85    6.86    7.13    7.13    7.13    6.81    349,822 24,175.08       收藏    股吧
sz002465        海格通信        　7.63  -0.02   -0.261% 7.63    7.64    7.65    7.68    7.70    7.60    69,485  5,312.90        收藏    股吧
sz002491        通鼎互联        　8.38  -0.23   -2.671% 8.38    8.39    8.61    8.60    8.60    8.35    209,840 17,680.70       收藏    股吧
sz002544        杰赛科技        　10.93 -0.20   -1.797% 10.93   10.94   11.13   11.15   11.18   10.84   30,230  3,319.38        收藏    股吧
sz002583        海能达  　8.23  -0.16   -1.907% 8.22    8.23    8.39    8.46    8.48    8.16    55,382  4,577.29        收藏    股吧
sz002792        通宇通讯        　29.00 -0.18   -0.617% 28.99   29.00   29.18   29.12   29.20   28.32   51,333  14,765.63       收藏    股吧
sz002813        路畅科技        　25.00 -0.04   -0.160% 25.00   25.10   25.04   25.51   25.51   25.00   8,988   2,272.54        收藏    股吧
sz002897        意华股份        　21.72 +1.10   +5.335% 21.72   21.73   20.62   20.15   22.22   19.36   132,422 27,045.44       收藏    股吧
sz002908        德生科技        　18.22 -0.44   -2.358% 18.22   18.23   18.66   18.68   18.87   18.14   19,533  3,581.64        收藏    股吧
sz002929        润建通信        　30.00 -0.86   -2.787% 30.00   30.01   30.86   30.82   30.82   29.91   40,716  12,298.00       收藏    股吧
sz300017        网宿科技        　7.81  0.00    0.000%  7.81    7.82    7.81    7.89    7.94    7.80    117,740 9,251.87        收藏    股吧
sz300025        华星创业        　4.86  -0.23   -4.519% 4.86    4.87    5.09    5.50    5.50    4.86    672,889 35,114.60       收藏    股吧
sz300028        金亚科技        　--    0.00    0.000%  0.00    0.00    0.77    0.00    0.00    0.00    0       0.00    收藏    股吧
sz300050        世纪鼎利        　5.78  -0.40   -6.472% 5.77    5.78    6.18    6.06    6.11    5.69    334,442 19,669.79       收藏    股吧
sz300081        恒信东方        　8.86  -0.21   -2.315% 8.86    8.87    9.07    9.04    9.13    8.81    66,915  5,965.35        收藏    股吧
sz300098        高新兴  　6.35  -0.14   -2.157% 6.35    6.36    6.49    6.53    6.55    6.34    112,324 7,198.17        收藏    股吧
sz300134        大富科技        　9.67  -0.21   -2.126% 9.67    9.68    9.88    10.04   10.13   9.57    197,536 19,246.49       收藏    股吧
sz300183        东软载波        　12.61 -0.26   -2.020% 12.60   12.61   12.87   12.92   12.99   12.50   49,223  6,230.18        收藏    股吧
sz300205        天喻信息        　8.47  -0.12   -1.397% 8.45    8.47    8.59    8.64    8.64    8.41    38,081  3,232.15        收藏    股吧
sz300211        亿通科技        　5.04  -0.01   -0.198% 5.03    5.04    5.05    5.07    5.13    5.01    19,149  967.77  收藏    股吧
sz300213        佳讯飞鸿        　6.04  -0.07   -1.146% 6.04    6.05    6.11    6.07    6.13    6.01    189,339 11,462.46       收藏    股吧
sz300252        金信诺  　10.10 -0.37   -3.534% 10.09   10.10   10.47   10.38   10.38   10.05   172,790 17,624.58       收藏    股吧
sz300292        吴通控股        　3.86  -0.14   -3.500% 3.86    3.87    4.00    3.95    3.99    3.85    424,819 16,528.79       收藏    股吧
sz300308        中际旭创        　43.92 -0.16   -0.363% 43.92   43.95   44.08   44.61   44.98   43.33   25,634  11,267.96       收藏    股吧
sz300310        宜通世纪        　5.10  -0.26   -4.851% 5.10    5.11    5.36    5.27    5.30    5.08    554,794 28,574.58       收藏    股吧
sz300312        邦讯技术        　7.33  -0.31   -4.058% 7.33    7.34    7.64    7.52    7.55    7.31    154,442 11,421.31       收藏    股吧
sz300353        东土科技        　9.18  -0.20   -2.132% 9.18    9.19    9.38    9.43    9.48    9.17    57,948  5,366.87        收藏    股吧
sz300383        光环新网        　12.82 -0.02   -0.156% 12.82   12.84   12.84   12.95   13.04   12.69   108,737 13,964.42       收藏    
sz300394        天孚通信        　25.07 -0.76   -2.942% 25.07   25.09   25.83   26.36   26.62   24.95   34,998  9,003.29        收藏    股吧
sz300414        中光防雷        　14.61 -0.36   -2.405% 14.61   14.63   14.97   15.22   15.22   14.60   14,961  2,233.30        收藏    股吧
sz300502        新易盛  　18.38 -0.44   -2.338% 18.36   18.38   18.82   18.79   18.95   18.20   46,667  8,599.05        收藏    股吧
sz300504        天邑股份        　23.10 -0.43   -1.827% 23.10   23.11   23.53   23.40   23.48   22.91   40,601  9,388.48        收藏    股吧
sz300531        优博讯  　--    0.00    0.000%  0.00    0.00    18.78   0.00    0.00    0.00    0       0.00    收藏    股吧
sz300548        博创科技        　34.73 -0.75   -2.114% 34.71   34.73   35.48   35.51   35.51   34.55   8,174   2,850.38        收藏    股吧
sz300555        路通视信        　7.95  -0.09   -1.119% 7.95    7.96    8.04    8.10    8.12    7.94    20,370  1,628.17        收藏    股吧
sz300560        中富通  　17.77 -0.60   -3.266% 17.77   17.78   18.37   18.28   18.28   17.70   38,530  6,887.93        收藏    股吧
sz300563        神宇股份        　23.33 -1.14   -4.659% 23.32   23.33   24.47   24.19   24.31   23.17   24,045  5,677.95        收藏    股吧
sz300565        科信技术        　13.62 -0.61   -4.287% 13.62   13.63   14.23   13.91   14.00   13.55   60,826  8,341.21        收藏    股吧
sz300570        太辰光  　17.72 -0.32   -1.774% 17.71   17.72   18.04   18.16   18.26   17.58   34,244  6,086.51        收藏    股吧
sz300590        移为通信        　25.09 -0.79   -3.053% 25.09   25.10   25.88   25.96   25.99   24.80   42,476  10,699.16       收藏    股吧
sz300597        吉大通信        　14.89 -0.61   -3.935% 14.89   14.90   15.50   15.40   15.54   14.86   80,288  12,080.21       收藏    股吧
sz300603        立昂技术        　25.12 -0.47   -1.837% 25.12   25.13   25.59   25.60   25.90   24.87   18,498  4,679.23        收藏    股吧
sz300615        欣天科技        　15.84 -0.48   -2.941% 15.82   15.84   16.32   16.00   16.06   15.70   45,732  7,244.67        收藏    股吧
sz300620        光库科技        　42.90 -0.71   -1.628% 42.90   42.91   43.61   43.79   43.79   42.51   9,071   3,903.06        收藏    股吧
sz300628        亿联网络        　73.28 -0.42   -0.570% 73.17   73.28   73.70   73.72   73.99   72.85   10,394  7,624.99        收藏    股吧
sz300638        广和通  　27.31 -0.70   -2.499% 27.31   27.42   28.01   28.30   28.35   27.12   17,458  4,803.95        收藏    股吧
sz300689        澄天伟业        　32.48 +0.80   +2.525% 32.47   32.48   31.68   31.96   32.50   31.72   9,301   2,999.67        收藏    股吧
sz300698        万马科技        　16.93 -0.62   -3.533% 16.93   16.97   17.55   17.34   17.40   16.80   54,432  9,227.10        收藏    股吧
sz300710        万隆光电        　22.90 -0.16   -0.694% 22.90   22.95   23.06   23.27   23.29   22.88   5,743   1,322.76        收藏    股吧
sz300711        广哈通信        　17.10 -0.39   -2.230% 17.09   17.10   17.49   17.35   17.55   17.01   23,000  3,959.38        收藏    股吧

