sh600425	青松建化	　3.22	+0.04	+1.258%	3.21	3.22	3.18	3.18	3.23	3.16	153,851	4,927.05	收藏	股吧
sh600449	宁夏建材	　8.06	+0.10	+1.256%	8.05	8.06	7.96	7.96	8.08	7.93	46,136	3,698.85	收藏	股吧
sh600585	海螺水泥	　32.05	-0.49	-1.506%	32.05	32.06	32.54	32.52	32.52	31.83	270,306	86,715.76	收藏	股吧
sh600668	尖峰集团	　13.48	+0.13	+0.974%	13.48	13.49	13.35	13.26	13.52	13.26	68,168	9,130.34	收藏	股吧
sh600720	祁连山	　6.98	+0.06	+0.867%	6.98	6.99	6.92	6.92	6.98	6.89	103,355	7,180.18	收藏	股吧
sh600801	华新水泥	　18.13	-0.20	-1.091%	18.12	18.13	18.33	18.29	18.39	17.99	111,547	20,244.63	收藏	股吧
sh600802	福建水泥	　8.20	+0.04	+0.490%	8.19	8.20	8.16	8.14	8.22	8.10	73,081	5,970.06	收藏	股吧
sh600881	亚泰集团	　3.54	+0.03	+0.855%	3.53	3.54	3.51	3.48	3.55	3.45	84,023	2,953.18	收藏	股吧
sh600883	博闻科技	　6.90	+0.06	+0.877%	6.89	6.90	6.84	6.84	6.95	6.77	16,025	1,103.54	收藏	股吧
sz000401	冀东水泥	　12.67	+0.80	+6.740%	12.66	12.67	11.87	11.81	12.92	11.81	700,109	86,886.50	收藏	股吧
sz000546	金圆股份	　8.85	+0.15	+1.724%	8.85	8.86	8.70	8.69	8.87	8.64	20,585	1,802.37	收藏	股吧
sz000672	上峰水泥	　9.13	-0.01	-0.109%	9.13	9.14	9.14	9.13	9.16	9.07	78,087	7,117.59	收藏	股吧
sz000789	万年青	　12.12	+0.04	+0.331%	12.11	12.12	12.08	12.08	12.15	12.01	114,406	13,833.21	收藏	股吧
sz000877	天山股份	　7.89	+0.06	+0.766%	7.88	7.89	7.83	7.78	7.92	7.78	140,604	11,065.28	收藏	股吧
sz000885	城发环境	　8.22	+0.03	+0.366%	8.22	8.23	8.19	8.17	8.25	8.12	23,548	1,929.28	收藏	股吧
sz000935	四川双马	　16.68	+0.11	+0.664%	16.68	16.69	16.57	16.57	16.97	16.36	102,071	17,057.13	收藏	股吧
sz002233	塔牌集团	　10.86	-0.02	-0.184%	10.86	10.87	10.88	10.86	10.91	10.71	99,379	10,754.18	收藏	股吧
