sh600193        *ST创兴 　3.11  -0.04   -1.270% 3.11    3.12    3.15    3.14    3.19    3.10    31,457  984.53  收藏    股吧
sh600209        *ST罗顿 　3.82  -0.05   -1.292% 3.81    3.82    3.87    3.83    3.94    3.76    48,373  1,867.77        收藏    股吧
sh601886        江河集团        　7.28  +0.08   +1.111% 7.27    7.28    7.20    7.21    7.33    7.18    60,937  4,428.50        收藏    股吧
sh603030        全筑股份        　5.97  +0.02   +0.336% 5.97    5.98    5.95    5.99    6.11    5.92    45,824  2,749.53        收藏    股吧
sh603081        大丰实业        　12.49 -0.48   -3.701% 12.48   12.49   12.97   13.00   13.06   12.38   37,094  4,676.43        收藏    股吧
sh603466        风语筑  　14.75 +0.11   +0.751% 14.75   14.76   14.64   14.64   14.84   14.54   32,402  4,756.62        收藏    股吧
sh603828        柯利达  　7.69  -0.13   -1.662% 7.69    7.70    7.82    7.78    7.82    7.62    8,090   622.91  收藏    股吧
sz002047        宝鹰股份        　7.40  -0.01   -0.135% 7.40    7.41    7.41    7.50    7.54    7.31    131,777 9,814.75        收藏    股吧
sz002081        金 螳 螂        　8.89  +0.11   +1.253% 8.88    8.89    8.78    8.84    8.94    8.84    57,417  5,107.14        收藏    股吧
sz002325        洪涛股份        　3.13  -0.01   -0.318% 3.13    3.14    3.14    3.14    3.16    3.11    36,308  1,139.12        收藏    股吧
sz002375        亚厦股份        　5.35  +0.02   +0.375% 5.34    5.35    5.33    5.35    5.37    5.32    32,071  1,715.80        收藏    股吧
sz002482        广田集团        　6.20  0.00    0.000%  6.19    6.20    6.20    6.35    6.48    6.11    188,696 11,844.25       收藏    股吧
sz002504        弘高创意        　3.86  +0.21   +5.753% 3.86    3.87    3.65    3.69    4.02    3.57    463,327 17,919.66       收藏    股吧
sz002620        瑞和股份        　6.68  -0.06   -0.890% 6.68    6.69    6.74    6.63    6.68    6.46    150,982 9,907.17        收藏    股吧
sz002713        东易日盛        　16.50 -0.22   -1.316% 16.50   16.51   16.72   16.78   16.85   16.48   9,178   1,525.48        收藏    股吧
sz002781        奇信股份        　15.43 -0.58   -3.623% 15.43   15.45   16.01   16.09   16.09   15.43   15,986  2,516.96        收藏    股吧
sz002789        建艺集团        　18.75 +0.64   +3.534% 18.75   18.76   18.11   18.12   18.97   17.96   67,911  12,547.32       收藏    股吧
sz002811        亚泰国际        　15.65 +1.17   +8.080% 15.65   15.66   14.48   14.44   15.84   14.44   37,679  5,743.09        收藏    股吧
sz002822        中装建设        　5.53  +0.03   +0.545% 5.52    5.53    5.50    5.50    5.58    5.46    37,429  2,063.89        收藏    股吧
sz002830        名雕股份        　16.90 0.00    0.000%  16.89   16.90   16.90   16.88   16.99   16.87   8,675   1,468.72        收藏    股吧
sz002856        美芝股份        　26.50 +1.11   +4.372% 26.49   26.50   25.39   25.00   27.42   24.63   117,464 30,401.45       收藏    股吧
sz300506        名家汇  　15.58 +0.32   +2.097% 15.57   15.58   15.26   15.28   15.59   15.21   23,200  3,580.64        收藏    股吧
sz300592        华凯创意        　9.68  +0.05   +0.519% 9.68    9.70    9.63    9.61    9.75    9.61    5,942   575.59  收藏    股吧
sz300621        维业股份        　10.08 +0.43   +4.456% 10.07   10.08   9.65    9.81    10.42   9.75    31,955  3,223.05        收藏    股吧

