sh600059        古越龙山        　6.93  +0.05   +0.727% 6.93    6.94    6.88    6.90    6.95    6.87    17,854  1,234.23        收藏    股吧
sh600084        中葡股份        　3.34  +0.04   +1.212% 3.33    3.34    3.30    3.31    3.35    3.30    59,179  1,968.69        收藏    股吧
sh600132        重庆啤酒        　29.20 +1.00   +3.546% 29.19   29.20   28.20   28.28   30.00   28.01   26,158  7,606.21        收藏    股吧
sh600197        伊力特  　14.35 +0.41   +2.941% 14.35   14.36   13.94   14.00   14.36   13.89   98,109  13,903.59       收藏    股吧
sh600199        金种子酒        　4.99  +0.01   +0.201% 4.99    5.00    4.98    4.98    5.03    4.96    24,145  1,204.49        收藏    股吧
sh600238        *ST椰岛 　4.76  -0.08   -1.653% 4.75    4.76    4.84    4.86    4.86    4.74    9,710   462.13  收藏    股吧
sh600300        维维股份        　2.89  0.00    0.000%  2.88    2.89    2.89    2.90    2.91    2.86    96,519  2,783.02        收藏    股吧
sh600365        通葡股份        　4.07  +0.02   +0.494% 4.06    4.07    4.05    4.05    4.11    4.02    46,796  1,902.68        收藏    股吧
sh600519        贵州茅台        　589.00        +6.01   +1.031% 589.00  589.01  582.99  588.79  589.20  582.80  19,922  116,808.95      收藏    股吧
sh600543        莫高股份        　7.07  -0.01   -0.141% 7.06    7.07    7.08    7.13    7.14    7.02    5,262   372.00  收藏    股吧
sh600559        老白干酒        　14.30 +0.48   +3.473% 14.29   14.30   13.82   13.98   14.33   13.88   63,631  8,993.69        收藏    股吧
sh600573        惠泉啤酒        　7.07  +0.18   +2.612% 7.07    7.08    6.89    6.93    7.15    6.87    20,676  1,453.25        收藏    股吧
sh600600        青岛啤酒        　35.24 +1.91   +5.731% 35.23   35.24   33.33   33.50   35.32   33.45   93,282  32,482.09       收藏    股吧
sh600616        金枫酒业        　5.06  +0.05   +0.998% 5.05    5.06    5.01    5.03    5.08    4.97    21,467  1,080.27        收藏    股吧
sh600702        舍得酒业        　25.11 +0.06   +0.240% 25.11   25.12   25.05   25.20   25.35   24.76   108,704 27,242.08       收藏    股吧
sh600779        水井坊  　32.60 0.00    0.000%  32.60   32.61   32.60   32.85   32.90   32.15   42,291  13,738.20       收藏    股吧
sh600809        山西汾酒        　38.00 -0.14   -0.367% 38.00   38.06   38.14   38.36   38.42   37.55   42,030  15,959.82       收藏    股吧
sh601579        会稽山  　9.14  +0.18   +2.009% 9.14    9.15    8.96    8.90    9.18    8.90    6,686   606.62  收藏    股吧
sh603031        安德利  　12.60 -0.01   -0.079% 12.60   12.61   12.61   12.66   12.66   12.55   5,648   711.56  收藏    股吧
sh603156        养元饮品        　43.37 +0.66   +1.545% 43.37   43.38   42.71   42.69   43.65   42.69   13,336  5,786.24        收藏    股吧
sh603198        迎驾贡酒        　15.13 -0.04   -0.264% 15.13   15.14   15.17   15.17   15.21   15.02   15,879  2,396.22        收藏    股吧
sh603369        今世缘  　15.84 +0.05   +0.317% 15.83   15.84   15.79   15.89   15.93   15.67   38,446  6,065.76        收藏    股吧
sh603589        口子窖  　35.69 -0.26   -0.723% 35.68   35.69   35.95   36.00   36.20   35.47   22,320  7,963.56        收藏    股吧
sh603711        香飘飘  　20.98 -0.62   -2.870% 20.97   20.98   21.60   21.70   22.10   20.63   42,584  9,034.84        收藏    股吧
sh603779        威龙股份        　13.63 +0.27   +2.021% 13.62   13.63   13.36   13.36   13.74   13.28   10,771  1,459.56        收藏    股吧
sh603919        金徽酒  　13.23 0.00    0.000%  13.22   13.23   13.23   13.22   13.27   13.11   7,799   1,027.38        收藏    股吧
sz000019        深深宝Ａ        　8.17  +0.01   +0.123% 8.17    8.18    8.16    8.10    8.29    7.94    178,076 14,428.17       收藏    股吧
sz000568        泸州老窖        　43.24 +0.78   +1.837% 43.24   43.25   42.46   42.70   43.45   42.46   73,365  31,513.49       收藏    股吧
sz000596        古井贡酒        　58.12 +0.14   +0.241% 58.12   58.13   57.98   58.30   58.50   57.50   17,012  9,873.81        收藏    股吧
sz000729        燕京啤酒        　6.22  +0.28   +4.714% 6.21    6.22    5.94    5.96    6.23    5.92    152,765 9,351.73        收藏    股吧
sz000752        西藏发展        　7.72  +0.28   +3.763% 7.72    7.73    7.44    7.44    7.96    7.39    135,348 10,421.83       收藏    股吧
sz000799        酒鬼酒  　17.62 -0.08   -0.452% 17.61   17.62   17.70   17.80   17.80   17.40   56,978  10,012.51       收藏    股吧
sz000848        承德露露        　8.10  +0.23   +2.922% 8.09    8.10    7.87    7.87    8.15    7.87    61,026  4,901.27        收藏    股吧
sz000858        五 粮 液        　53.17 +0.35   +0.663% 53.17   53.18   52.82   53.49   53.49   52.69   121,634 64,504.80       收藏    股吧
sz000860        顺鑫农业        　35.78 +0.13   +0.365% 35.77   35.78   35.65   35.89   35.97   35.19   28,038  9,982.20        收藏    股吧
sz000869        张 裕Ａ 　28.35 +1.15   +4.228% 28.34   28.35   27.20   27.22   28.39   27.22   27,565  7,698.45        收藏    股吧
sz000929        兰州黄河        　6.80  +0.07   +1.040% 6.79    6.80    6.73    6.80    6.85    6.73    9,003   610.30  收藏    股吧
sz000995        *ST皇台 　6.30  -0.01   -0.158% 6.29    6.30    6.31    6.24    6.48    6.20    11,647  734.64  收藏    股吧
sz002304        洋河股份        　99.44 +0.09   +0.091% 99.44   99.45   99.35   101.33  101.34  98.58   26,997  26,815.54       收藏    股吧
sz002461        珠江啤酒        　5.08  +0.46   +9.957% 5.08    0.00    4.62    4.61    5.08    4.61    196,555 9,620.08        收藏    股吧
sz002568        百润股份        　9.57  +0.22   +2.353% 9.56    9.57    9.35    9.39    9.59    9.38    14,338  1,361.99        收藏    股吧
sz002646        青青稞酒        　11.33 +0.03   +0.265% 11.33   11.34   11.30   11.30   11.36   11.26   6,619   748.92  收藏    股吧
