sh600030        中信证券        　16.97 +0.09   +0.533% 16.96   16.97   16.88   17.00   17.11   16.92   551,859 93,908.33       收藏    股吧
sh600061        国投资本        　9.94  -0.09   -0.897% 9.94    9.95    10.03   10.12   10.25   9.92    73,654  7,422.02        收藏    股吧
sh600109        国金证券        　7.45  -0.04   -0.534% 7.45    7.46    7.49    7.55    7.62    7.42    217,077 16,331.62       收藏    股吧
sh600155        华创阳安        　8.21  -0.04   -0.485% 8.20    8.21    8.25    8.26    8.42    8.16    99,769  8,256.35        收藏    股吧
sh600369        西南证券        　3.84  +0.02   +0.524% 3.83    3.84    3.82    3.82    3.88    3.81    151,484 5,821.77        收藏    股吧
sh600837        海通证券        　9.69  +0.02   +0.207% 9.69    9.70    9.67    9.72    9.81    9.66    249,669 24,271.87       收藏    股吧
sh600864        哈投股份        　4.71  +0.06   +1.290% 4.71    4.72    4.65    4.72    4.83    4.66    314,689 14,978.19       收藏    股吧
sh600909        华安证券        　5.00  +0.04   +0.806% 4.99    5.00    4.96    4.97    5.07    4.96    92,324  4,633.39        收藏    股吧
sh600958        东方证券        　8.86  -0.15   -1.665% 8.85    8.86    9.01    9.05    9.15    8.84    202,581 18,162.90       收藏    股吧
sh600999        招商证券        　13.88 -0.22   -1.560% 13.88   13.89   14.10   14.12   14.31   13.84   110,479 15,512.94       收藏    股吧
sh601066        中信建投        　10.43 +0.14   +1.361% 10.43   10.44   10.29   10.37   10.74   10.32   395,817 41,696.79       收藏    股吧
sh601099        太平洋  　2.64  +0.02   +0.763% 2.63    2.64    2.62    2.63    2.68    2.62    899,835 23,852.69       收藏    股吧
sh601108        财通证券        　7.94  +0.01   +0.126% 7.94    7.95    7.93    7.96    8.12    7.93    281,107 22,511.49       收藏    股吧
sh601162        天风证券        　6.07  +0.05   +0.831% 6.07    6.08    6.02    6.04    6.19    6.01    528,257 32,310.39       收藏    股吧
sh601198        东兴证券        　10.15 +0.07   +0.694% 10.15   10.16   10.08   10.11   10.33   10.10   96,377  9,835.44        收藏    股吧
sh601211        国泰君安        　16.35 +0.08   +0.492% 16.34   16.35   16.27   16.59   16.59   16.30   130,005 21,346.59       收藏    股吧
sh601375        中原证券        　4.49  +0.02   +0.447% 4.49    4.50    4.47    4.48    4.57    4.47    101,600 4,596.77        收藏    股吧
sh601377        兴业证券        　4.99  +0.01   +0.201% 4.99    5.00    4.98    5.00    5.07    4.98    240,890 12,073.22       收藏    股吧
sh601555        东吴证券        　6.99  +0.01   +0.143% 6.99    7.00    6.98    7.05    7.12    6.95    79,626  5,598.75        收藏    股吧
sh601688        华泰证券        　17.27 +0.22   +1.290% 17.27   17.28   17.05   17.14   17.54   17.08   324,212 56,113.06       收藏    股吧
sh601788        光大证券        　9.73  -0.03   -0.307% 9.73    9.74    9.76    9.80    9.89    9.72    112,182 10,998.38       收藏    股吧
sh601878        浙商证券        　7.91  +0.12   +1.540% 7.91    7.92    7.79    7.84    8.05    7.80    315,027 25,008.17       收藏    股吧
sh601881        中国银河        　7.51  +0.01   +0.133% 7.51    7.52    7.50    7.55    7.69    7.47    123,999 9,384.72        收藏    股吧
sh601901        方正证券        　5.36  +0.01   +0.187% 5.35    5.36    5.35    5.38    5.44    5.34    75,315  4,051.56        收藏    股吧
sh601990        南京证券        　9.45  +0.14   +1.504% 9.45    9.46    9.31    9.40    9.64    9.36    335,772 31,966.16       收藏    股吧
sz000166        申万宏源        　4.39  0.00    0.000%  4.38    4.39    4.39    4.40    4.45    4.38    200,374 8,823.42        收藏    股吧
sz000686        东北证券        　6.73  +0.06   +0.900% 6.72    6.73    6.67    6.69    6.80    6.67    87,174  5,867.21        收藏    股吧
sz000712        锦龙股份        　9.98  +0.07   +0.706% 9.98    9.99    9.91    9.95    10.23   9.93    76,821  7,719.08        收藏    股吧
sz000728        国元证券        　7.52  +0.05   +0.669% 7.51    7.52    7.47    7.50    7.61    7.45    184,213 13,878.99       收藏    股吧
sz000750        国海证券        　4.21  -0.01   -0.237% 4.21    4.22    4.22    4.25    4.31    4.21    716,820 30,516.71       收藏    股吧
sz000776        广发证券        　13.22 +0.07   +0.532% 13.22   13.23   13.15   13.19   13.38   13.15   134,991 17,900.91       收藏    股吧
sz000783        长江证券        　5.57  +0.07   +1.273% 5.57    5.58    5.50    5.53    5.63    5.50    208,449 11,596.99       收藏    股吧
sz000987        越秀金控        　8.02  +0.06   +0.754% 8.02    8.03    7.96    8.05    8.18    7.97    16,826  1,359.39        收藏    股吧
sz002500        山西证券        　6.25  +0.01   +0.160% 6.24    6.25    6.24    6.27    6.38    6.23    178,905 11,269.70       收藏    股吧
sz002670        国盛金控        　10.02 -0.10   -0.988% 10.01   10.02   10.12   10.16   10.32   10.00   60,083  6,090.03        收藏    股吧
sz002673        西部证券        　8.38  +0.06   +0.721% 8.38    8.39    8.32    8.37    8.54    8.34    154,699 13,033.57       收藏    股吧
sz002736        国信证券        　9.01  +0.02   +0.222% 9.00    9.01    8.99    9.05    9.10    8.96    58,621  5,296.71        收藏    股吧
sz002797        第一创业        　5.56  +0.21   +3.925% 5.55    5.56    5.35    5.40    5.78    5.40    888,850 49,594.69       收藏    股吧
sz002926        华西证券        　9.11  +0.06   +0.663% 9.11    9.12    9.05    9.07    9.22    9.06    90,108  8,241.38        收藏    股吧
sz002939        长城证券        　10.19 +0.05   +0.493% 10.19   10.20   10.14   10.15   10.37   10.14   185,909 19,054.72       收藏    股吧
