sh600053        九鼎投资        　19.14 +0.18   +0.949% 19.14   19.15   18.96   18.99   19.39   18.74   55,180  10,531.08       收藏    股吧
sh600093        易见股份        　8.38  -0.04   -0.475% 8.38    8.39    8.42    8.45    8.49    8.35    22,837  1,921.48        收藏    股吧
sh600318        新力金融        　7.92  +0.02   +0.253% 7.92    7.93    7.90    8.11    8.17    7.83    169,454 13,532.67       收藏    股吧
sh600390        五矿资本        　7.67  +0.07   +0.921% 7.67    7.68    7.60    7.62    7.71    7.61    25,285  1,938.07        收藏    股吧
sh600599        熊猫金控        　10.96 -0.29   -2.578% 10.96   10.97   11.25   11.25   11.26   10.94   4,029   447.67  收藏    股吧
sh600643        爱建集团        　8.75  +0.07   +0.806% 8.72    8.75    8.68    8.71    8.82    8.71    51,596  4,518.74        收藏    股吧
sh600695        绿庭投资        　4.96  0.00    0.000%  4.96    4.97    4.96    5.02    5.14    4.92    240,061 12,047.62       收藏    股吧
sh600705        中航资本        　4.51  +0.02   +0.445% 4.50    4.51    4.49    4.50    4.54    4.49    74,833  3,372.03        收藏    股吧
sh600783        鲁信创投        　16.07 +0.27   +1.709% 16.07   16.08   15.80   15.84   16.38   15.50   415,448 66,309.20       收藏    股吧
sh600816        安信信托        　4.69  +0.01   +0.214% 4.68    4.69    4.68    4.69    4.77    4.67    104,466 4,917.09        收藏    股吧
sh600830        香溢融通        　5.21  +0.02   +0.385% 5.21    5.22    5.19    5.19    5.26    5.18    19,063  995.78  收藏    股吧
sh600901        江苏租赁        　6.08  +0.03   +0.496% 6.07    6.08    6.05    6.06    6.11    6.03    80,378  4,885.14        收藏    股吧
sh603300        华铁科技        　5.38  -0.03   -0.555% 5.37    5.38    5.41    5.43    5.46    5.38    19,601  1,062.39        收藏    股吧
sz000415        渤海租赁        　3.90  +0.05   +1.299% 3.90    3.91    3.85    3.85    3.94    3.83    203,581 7,908.15        收藏    股吧
sz000416        民生控股        　4.59  +0.02   +0.438% 4.59    4.60    4.57    4.59    4.71    4.55    78,478  3,624.91        收藏    股吧
sz000563        陕国投Ａ        　2.84  0.00    0.000%  2.83    2.84    2.84    2.84    2.86    2.82    96,168  2,728.09        收藏    股吧
sz000567        海德股份        　11.67 0.00    0.000%  11.67   11.68   11.67   11.66   11.78   11.65   16,177  1,892.28        收藏    股吧
sz000617        中油资本        　10.88 +0.04   +0.369% 10.85   10.88   10.84   10.81   10.92   10.81   5,498   597.16  收藏    股吧
sz000666        经纬纺机        　12.14 -0.28   -2.254% 12.14   12.15   12.42   12.39   12.47   12.10   93,726  11,513.50       收藏    股吧
sz002647        仁东控股        　13.68 -0.03   -0.219% 13.68   13.69   13.71   13.61   13.89   13.60   38,818  5,314.94        收藏    股吧
sz300023        宝德股份        　6.69  +0.06   +0.905% 6.69    6.70    6.63    6.63    6.77    6.57    63,742  4,258.55        收藏    股吧
sz300176        鸿特科技        　38.96 +0.70   +1.830% 38.95   38.96   38.26   38.23   39.31   38.02   21,748  8,470.80        收藏    股吧
sz300309        吉艾科技        　8.67  +0.12   +1.404% 8.66    8.67    8.55    8.58    8.70    8.54    10,365  890.66  收藏    股吧
