sh600073        上海梅林        　6.89  -0.05   -0.720% 6.89    6.90    6.94    6.94    6.96    6.82    71,403  4,914.70        收藏    股吧
sh600186        莲花健康        　2.08  -0.02   -0.952% 2.08    2.09    2.10    2.09    2.11    2.08    50,945  1,063.94        收藏    股吧
sh600305        恒顺醋业        　10.06 0.00    0.000%  10.06   10.07   10.06   10.09   10.14   10.00   94,998  9,554.71        收藏    股吧
sh600419        天润乳业        　14.07 +0.07   +0.500% 14.07   14.08   14.00   14.14   14.27   13.96   11,057  1,554.12        收藏    股吧
sh600429        三元股份        　4.99  +0.03   +0.605% 4.98    4.99    4.96    4.95    5.02    4.94    11,735  584.32  收藏    股吧
sh600597        光明乳业        　7.99  +0.01   +0.125% 7.98    7.99    7.98    7.98    8.00    7.93    24,347  1,938.96        收藏    股吧
sh600866        星湖科技        　3.37  0.00    0.000%  3.37    3.38    3.37    3.41    3.44    3.35    23,839  806.38  收藏    股吧
sh600872        中炬高新        　29.90 +0.52   +1.770% 29.89   29.90   29.38   29.37   30.10   29.18   28,341  8,440.70        收藏    股吧
sh600882        广泽股份        　7.69  -0.01   -0.130% 7.68    7.69    7.70    7.70    7.72    7.64    2,930   225.32  收藏    股吧
sh600887        伊利股份        　23.00 +0.15   +0.656% 22.99   23.00   22.85   22.98   23.12   22.76   195,700 44,897.52       收藏    股吧
sh603020        爱普股份        　7.77  +0.01   +0.129% 7.78    7.79    7.76    7.76    7.81    7.75    5,841   454.70  收藏    股吧
sh603027        千禾味业        　16.01 -0.18   -1.112% 16.01   16.04   16.19   16.22   16.36   16.00   14,411  2,320.07        收藏    股吧
sh603043        广州酒家        　25.20 -0.45   -1.754% 25.18   25.20   25.65   25.72   25.88   25.20   10,050  2,565.09        收藏    股吧
sh603288        海天味业        　67.20 +0.40   +0.599% 67.20   67.26   66.80   67.90   67.90   65.65   23,191  15,494.50       收藏    股吧
sh603345        安井食品        　37.77 -0.16   -0.422% 37.69   37.77   37.93   37.98   38.25   37.52   14,950  5,640.83        收藏    股吧
sh603517        绝味食品        　34.89 +1.21   +3.593% 34.89   34.90   33.68   33.50   35.71   33.50   24,129  8,418.88        收藏    股吧
sh603536        惠发股份        　8.66  0.00    0.000%  8.63    8.66    8.66    8.69    8.71    8.57    7,888   682.52  收藏    股吧
sh603696        安记食品        　11.05 +0.22   +2.031% 11.05   11.06   10.83   10.80   11.14   10.80   14,974  1,646.77        收藏    股吧
sh603777        来伊份  　10.84 -0.05   -0.459% 10.84   10.85   10.89   10.88   10.95   10.73   16,496  1,787.82        收藏    股吧
sh603866        桃李面包        　46.49 +1.09   +2.401% 46.47   46.49   45.40   45.48   46.97   44.65   6,980   3,188.37        收藏    股吧
sh603886        元祖股份        　17.87 +0.04   +0.224% 17.87   17.89   17.83   17.85   18.26   17.69   13,276  2,385.69        收藏    股吧
sz000716        黑芝麻  　3.07  -0.01   -0.325% 3.07    3.08    3.08    3.08    3.11    3.05    38,107  1,175.95        收藏    股吧
sz000895        双汇发展        　22.85 +0.47   +2.100% 22.85   22.86   22.38   22.47   22.95   22.40   62,323  14,187.35       收藏    股吧
sz002216        三全食品        　6.40  +0.10   +1.587% 6.39    6.40    6.30    6.30    6.60    6.27    37,538  2,427.98        收藏    股吧
sz002329        皇氏集团        　3.80  -0.01   -0.262% 3.80    3.81    3.81    3.79    3.83    3.75    35,145  1,330.77        收藏    股吧
sz002330        得利斯  　4.43  -0.07   -1.556% 4.42    4.43    4.50    4.47    4.51    4.37    35,587  1,580.34        收藏    股吧
sz002481        双塔食品        　3.04  +0.03   +0.997% 3.03    3.04    3.01    3.01    3.05    3.01    39,960  1,211.53        收藏    股吧
sz002495        佳隆股份        　3.35  -0.06   -1.760% 3.34    3.35    3.41    3.39    3.41    3.33    106,797 3,584.50        收藏    股吧
sz002507        涪陵榨菜        　23.06 -0.25   -1.073% 23.06   23.07   23.31   23.30   23.40   22.73   84,699  19,460.68       收藏    股吧
sz002515        金字火腿        　4.27  -0.10   -2.288% 4.27    4.28    4.37    4.30    4.36    4.27    61,829  2,662.96        收藏    股吧
sz002557        洽洽食品        　18.49 -0.20   -1.070% 18.49   18.50   18.69   18.84   18.84   18.38   17,779  3,303.93        收藏    股吧
sz002570        *ST因美 　5.13  -0.10   -1.912% 5.12    5.13    5.23    5.22    5.23    5.12    35,199  1,819.43        收藏    股吧
sz002582        好想你  　7.99  0.00    0.000%  7.98    7.99    7.99    8.02    8.04    7.96    13,326  1,065.84        收藏    股吧
sz002650        加加食品        　3.88  -0.02   -0.513% 3.88    3.89    3.90    3.90    3.93    3.87    79,992  3,109.48        收藏    股吧
sz002661        克明面业        　12.96 +0.01   +0.077% 12.96   12.97   12.95   13.00   13.07   12.85   16,505  2,138.96        收藏    股吧
sz002695        煌上煌  　10.60 -0.02   -0.188% 10.60   10.61   10.62   10.64   10.71   10.57   18,594  1,974.20        收藏    股吧
sz002702        海欣食品        　4.24  -0.01   -0.235% 4.23    4.24    4.25    4.27    4.28    4.22    25,850  1,095.90        收藏    股吧
sz002719        麦趣尔  　13.24 -0.20   -1.488% 13.24   13.25   13.44   13.20   13.36   12.93   87,590  11,494.69       收藏    股吧
sz002726        龙大肉食        　8.91  -0.10   -1.110% 8.91    8.92    9.01    8.91    9.18    8.85    54,932  4,912.00        收藏    股吧
sz002732        燕塘乳业        　17.63 -0.75   -4.081% 17.63   17.66   18.38   18.00   18.43   17.62   22,644  4,091.87        收藏    股吧
sz002770        科迪乳业        　2.98  -0.01   -0.334% 2.98    2.99    2.99    2.99    3.02    2.96    54,032  1,615.39        收藏    股吧
sz002820        桂发祥  　12.23 +0.05   +0.411% 12.22   12.23   12.18   12.19   12.39   12.15   5,810   711.15  收藏    股吧
sz002840        华统股份        　13.88 -0.32   -2.254% 13.88   13.89   14.20   14.18   14.29   13.85   27,467  3,847.16        收藏    股吧
sz002847        盐津铺子        　22.40 +0.03   +0.134% 22.40   22.41   22.37   22.38   22.59   22.31   10,992  2,468.57        收藏    股吧
sz002910        庄园牧场        　12.88 +0.02   +0.156% 12.88   12.92   12.86   12.86   12.97   12.78   20,136  2,593.96        收藏    股吧
sz300146        汤臣倍健        　20.85 +0.46   +2.256% 20.84   20.85   20.39   20.56   21.06   20.56   90,938  18,918.09       收藏    股吧
sz300741        华宝股份        　31.33 +0.94   +3.093% 31.33   31.34   30.39   30.47   31.47   30.43   12,829  3,971.19        收藏    股吧
