sh600333        长春燃气        　6.27  -0.05   -0.791% 6.27    6.28    6.32    6.35    6.37    6.18    101,049 6,328.50        收藏    股吧
sh600617        国新能源        　5.17  -0.06   -1.147% 5.17    5.18    5.23    5.26    5.29    5.15    28,310  1,473.17        收藏    股吧
sh600635        大众公用        　4.85  +0.03   +0.622% 4.84    4.85    4.82    4.80    4.94    4.69    1,180,449       56,878.61       收藏    股吧
sh600681        百川能源        　12.41 -0.01   -0.081% 12.40   12.41   12.42   12.51   12.51   12.37   9,911   1,229.86        收藏    股吧
sh600856        中天能源        　4.43  -0.25   -5.342% 4.43    4.44    4.68    4.66    4.68    4.43    270,735 12,174.39       收藏    股吧
sh600903        贵州燃气        　23.70 -0.19   -0.795% 23.69   23.70   23.89   23.99   23.99   23.60   56,435  13,402.54       收藏    股吧
sh600917        重庆燃气        　7.58  -0.03   -0.394% 7.57    7.58    7.61    7.65    7.67    7.57    21,277  1,618.94        收藏    股吧
sh601139        深圳燃气        　5.73  -0.01   -0.174% 5.72    5.73    5.74    5.77    5.81    5.69    40,622  2,332.37        收藏    股吧
sh603080        新疆火炬        　24.63 -0.06   -0.243% 24.63   24.65   24.69   24.69   24.81   24.43   12,455  3,070.04        收藏    股吧
sh603393        新天然气        　34.22 +0.03   +0.088% 34.19   34.22   34.19   34.19   34.45   33.95   8,145   2,784.09        收藏    股吧
sh603689        皖天然气        　11.56 -0.13   -1.112% 11.56   11.57   11.69   11.68   11.75   11.52   21,033  2,438.96        收藏    股吧
sh603706        东方环宇        　30.59 +0.57   +1.899% 30.58   30.59   30.02   30.00   30.67   29.60   73,346  22,178.46       收藏    股吧
sz000407        胜利股份        　3.88  -0.03   -0.767% 3.87    3.88    3.91    3.92    3.93    3.85    56,593  2,200.07        收藏    股吧
sz000421        南京公用        　4.72  +0.04   +0.855% 4.71    4.72    4.68    4.69    4.74    4.65    20,138  945.46  收藏    股吧
sz000593        大通燃气        　7.64  -0.08   -1.036% 7.63    7.64    7.72    7.78    7.78    7.60    52,041  3,986.73        收藏    股吧
sz000669        金鸿控股        　7.21  -0.16   -2.171% 7.20    7.21    7.37    7.33    7.36    7.17    201,915 14,635.92       收藏    股吧
sz002259        ST升达  　2.69  +0.13   +5.078% 2.69    0.00    2.56    2.66    2.69    2.60    171,449 4,566.17        收藏    股吧
sz002267        陕天然气        　7.76  -0.12   -1.523% 7.76    7.77    7.88    7.86    7.86    7.73    62,199  4,853.31        收藏    股吧
sz002524        光正集团        　5.07  -0.05   -0.977% 5.06    5.07    5.12    5.13    5.14    5.04    60,137  3,051.31        收藏    股吧
sz002700        新疆浩源        　11.74 -0.15   -1.262% 11.74   11.75   11.89   11.90   11.91   11.61   79,258  9,309.12        收藏    股吧
sz002911        佛燃股份        　18.42 -0.24   -1.286% 18.42   18.43   18.66   18.71   18.73   18.31   11,505  2,126.71        收藏    股吧

