sh600089	特变电工	　7.04	+0.03	+0.428%	7.04	7.05	7.01	7.00	7.06	6.98	135,595	9,528.30	收藏	股吧
sh600112	天成控股	　4.22	+0.21	+5.237%	4.22	4.23	4.01	3.95	4.28	3.95	219,835	9,151.27	收藏	股吧
sh600192	长城电工	　4.77	+0.04	+0.846%	4.76	4.77	4.73	4.73	4.79	4.72	15,978	759.51	收藏	股吧
sh600312	平高电气	　8.19	-0.06	-0.727%	8.18	8.19	8.25	8.24	8.26	8.10	107,878	8,816.65	收藏	股吧
sh600379	宝光股份	　7.03	+0.10	+1.443%	7.02	7.03	6.93	6.98	7.03	6.85	10,845	757.43	收藏	股吧
sh600468	百利电气	　5.49	0.00	0.000%	5.48	5.49	5.49	5.49	5.53	5.43	19,046	1,045.12	收藏	股吧
sh600517	置信电气	　3.78	+0.02	+0.532%	3.77	3.78	3.76	3.73	3.79	3.73	51,878	1,949.77	收藏	股吧
sh600550	保变电气	　4.18	+0.12	+2.956%	4.18	4.19	4.06	4.06	4.20	4.04	131,585	5,452.48	收藏	股吧
sh600869	智慧能源	　4.62	-0.06	-1.282%	4.61	4.62	4.68	4.66	4.66	4.60	88,894	4,110.98	收藏	股吧
sh600885	宏发股份	　24.45	+0.70	+2.947%	24.44	24.45	23.75	23.74	24.48	23.21	34,888	8,384.94	收藏	股吧
sh600973	宝胜股份	　3.93	+0.08	+2.078%	3.93	3.94	3.85	3.90	3.96	3.87	69,579	2,726.16	收藏	股吧
sh601179	中国西电	　3.56	+0.02	+0.565%	3.56	3.57	3.54	3.53	3.58	3.52	70,654	2,508.76	收藏	股吧
sh601616	广电电气	　3.49	+0.07	+2.047%	3.48	3.49	3.42	3.39	3.52	3.38	77,862	2,694.61	收藏	股吧
sh601700	风范股份	　3.13	+0.04	+1.294%	3.12	3.13	3.09	3.11	3.14	3.07	40,262	1,251.58	收藏	股吧
sh601877	正泰电器	　23.20	-0.30	-1.277%	23.20	23.21	23.50	23.60	23.60	23.00	71,043	16,497.72	收藏	股吧
sh603016	新宏泰	　17.10	+0.05	+0.293%	17.10	17.11	17.05	16.95	17.18	16.86	19,081	3,253.42	收藏	股吧
sh603333	尚纬股份	　5.23	+0.07	+1.357%	5.22	5.23	5.16	5.10	5.24	5.10	21,835	1,134.44	收藏	股吧
sh603577	汇金通	　9.48	+0.03	+0.317%	9.47	9.48	9.45	9.45	9.55	9.37	14,952	1,415.75	收藏	股吧
sh603606	东方电缆	　9.03	+0.10	+1.120%	9.02	9.03	8.93	8.93	9.15	8.84	33,023	2,958.25	收藏	股吧
sh603618	杭电股份	　5.21	+0.13	+2.559%	5.21	5.22	5.08	5.08	5.23	5.04	79,773	4,110.37	收藏	股吧
sh603829	洛凯股份	　10.29	+0.06	+0.587%	10.29	10.30	10.23	10.19	10.32	10.14	11,649	1,193.40	收藏	股吧
sh603861	白云电器	　11.50	-0.30	-2.542%	11.50	11.51	11.80	11.77	11.77	11.43	30,320	3,489.83	收藏	股吧
sh603897	长城科技	　22.95	+0.58	+2.593%	22.95	22.96	22.37	22.36	23.14	22.13	28,339	6,441.50	收藏	股吧
sz000585	*ST东电	　2.12	0.00	0.000%	2.11	2.12	2.12	2.12	2.13	2.08	92,228	1,942.42	收藏	股吧
sz000806	银河生物	　5.43	+0.49	+9.919%	5.43	0.00	4.94	5.43	5.43	5.23	258,670	14,017.67	收藏	股吧
sz002074	国轩高科	　12.56	-0.23	-1.798%	12.56	12.57	12.79	12.75	12.75	12.42	156,107	19,586.06	收藏	股吧
sz002112	三变科技	　7.15	+0.15	+2.143%	7.15	7.16	7.00	7.00	7.25	6.95	64,463	4,579.10	收藏	股吧
sz002168	深圳惠程	　10.80	-0.11	-1.008%	10.80	10.81	10.91	10.88	10.91	10.68	95,818	10,341.16	收藏	股吧
sz002212	南洋股份	　10.99	+0.32	+2.999%	10.99	11.00	10.67	10.67	11.14	10.60	76,782	8,390.83	收藏	股吧
sz002270	华明装备	　4.40	+0.02	+0.457%	4.40	4.41	4.38	4.38	4.41	4.35	23,787	1,043.80	收藏	股吧
sz002276	万马股份	　5.72	-0.12	-2.055%	5.71	5.72	5.84	5.77	5.82	5.68	209,387	12,008.79	收藏	股吧
sz002298	中电兴发	　6.90	0.00	0.000%	6.90	6.91	6.90	6.90	6.96	6.82	57,286	3,942.44	收藏	股吧
sz002300	太阳电缆	　5.83	0.00	0.000%	5.82	5.83	5.83	5.83	5.83	5.73	38,349	2,219.61	收藏	股吧
sz002350	北京科锐	　6.47	+0.10	+1.570%	6.47	6.48	6.37	6.38	6.55	6.36	52,990	3,420.98	收藏	股吧
sz002358	森源电气	　17.01	-0.15	-0.874%	17.00	17.01	17.16	17.33	17.33	16.80	52,538	8,894.88	收藏	股吧
sz002441	众业达	　8.00	-0.21	-2.558%	7.99	8.00	8.21	8.01	8.10	7.85	141,113	11,236.71	收藏	股吧
sz002451	摩恩电气	　10.43	+0.95	+10.021%	10.43	0.00	9.48	9.47	10.43	9.28	493,194	49,328.06	收藏	股吧
sz002452	长高集团	　3.83	+0.06	+1.592%	3.82	3.83	3.77	3.80	3.87	3.77	55,038	2,100.28	收藏	股吧
sz002471	中超控股	　3.09	+0.01	+0.325%	3.09	3.10	3.08	3.13	3.17	3.06	140,458	4,364.90	收藏	股吧
sz002498	汉缆股份	　2.20	+0.01	+0.457%	2.20	2.21	2.19	2.18	2.21	2.17	70,152	1,536.41	收藏	股吧
sz002533	金杯电工	　4.80	-0.06	-1.235%	4.80	4.81	4.86	4.82	4.83	4.76	46,532	2,230.17	收藏	股吧
sz002560	通达股份	　4.87	+0.05	+1.037%	4.86	4.87	4.82	4.79	4.88	4.77	44,600	2,153.91	收藏	股吧
sz002606	大连电瓷	　5.39	+0.02	+0.372%	5.38	5.39	5.37	5.32	5.41	5.16	275,823	14,589.77	收藏	股吧
sz002617	露笑科技	　5.17	-0.06	-1.147%	5.17	5.18	5.23	5.19	5.22	5.11	356,950	18,411.93	收藏	股吧
sz002622	融钰集团	　3.38	0.00	0.000%	3.38	3.39	3.38	3.35	3.41	3.33	312,341	10,488.20	收藏	股吧
sz002692	睿康股份	　3.99	+0.04	+1.013%	3.98	3.99	3.95	3.94	3.99	3.87	120,024	4,719.87	收藏	股吧
sz002706	良信电器	　6.08	+0.04	+0.662%	6.07	6.08	6.04	6.09	6.10	5.99	30,495	1,847.07	收藏	股吧
sz002879	长缆科技	　13.64	0.00	0.000%	13.64	13.65	13.64	13.60	13.75	13.48	21,264	2,893.46	收藏	股吧
sz002882	金龙羽	　10.21	-0.12	-1.162%	10.20	10.21	10.33	10.27	10.27	10.13	32,709	3,334.25	收藏	股吧
sz002927	泰永长征	　23.71	+0.01	+0.042%	23.70	23.71	23.70	23.70	23.85	23.34	14,332	3,382.82	收藏	股吧
sz300001	特锐德	　16.91	+0.11	+0.655%	16.90	16.91	16.80	16.80	17.06	16.60	75,905	12,792.42	收藏	股吧
sz300062	中能电气	　5.41	+0.05	+0.933%	5.41	5.42	5.36	5.43	5.45	5.35	36,847	1,988.38	收藏	股吧
sz300069	金利华电	　10.57	+0.07	+0.667%	10.56	10.57	10.50	10.40	10.60	10.33	40,200	4,213.37	收藏	股吧
sz300120	经纬辉开	　6.53	+0.05	+0.772%	6.53	6.54	6.48	6.49	6.57	6.45	25,813	1,683.74	收藏	股吧
sz300215	电科院	　6.06	+0.30	+5.208%	6.05	6.06	5.76	5.77	6.18	5.70	114,969	6,830.03	收藏	股吧
sz300265	通光线缆	　6.81	+0.09	+1.339%	6.80	6.81	6.72	6.62	6.82	6.58	51,360	3,437.25	收藏	股吧
sz300283	温州宏丰	　4.90	+0.13	+2.725%	4.90	4.91	4.77	4.77	4.95	4.73	94,145	4,579.02	收藏	股吧
sz300423	鲁亿通	　19.40	-0.17	-0.869%	19.39	19.40	19.57	19.45	19.45	19.04	26,439	5,085.50	收藏	股吧
sz300444	双杰电气	　6.90	-0.04	-0.576%	6.90	6.91	6.94	6.89	6.91	6.80	54,441	3,736.55	收藏	股吧
sz300447	全信股份	　10.80	+0.30	+2.857%	10.80	10.81	10.50	10.50	10.89	10.42	43,672	4,667.63	收藏	股吧
sz300477	合纵科技	　10.91	+0.04	+0.368%	10.90	10.91	10.87	10.88	10.99	10.70	55,576	6,025.33	收藏	股吧
sz300510	金冠股份	　12.96	-1.44	-10.000%	0.00	12.96	14.40	13.11	13.37	12.96	305,423	39,837.05	收藏	股吧
sz300617	安靠智电	　21.56	+0.12	+0.560%	21.56	21.57	21.44	21.32	21.66	21.20	6,570	1,409.00	收藏	股吧
sz300670	大烨智能	　21.53	+0.29	+1.365%	21.53	21.54	21.24	21.06	21.98	20.73	122,280	26,193.89
