sh600076        康欣新材        　4.67  -0.08   -1.684% 4.67    4.68    4.75    4.74    4.79    4.67    145,324 6,848.21        收藏    股吧
sh600210        紫江企业        　3.81  +0.05   +1.330% 3.81    3.82    3.76    3.77    3.84    3.73    322,295 12,227.03       收藏    股吧
sh600836        界龙实业        　3.99  0.00    0.000%  3.98    3.99    3.99    3.98    4.01    3.97    12,790  510.45  收藏    股吧
sh601515        东风股份        　7.49  +0.03   +0.402% 7.45    7.49    7.46    7.54    7.55    7.43    4,182   312.65  收藏    股吧
sh601968        宝钢包装        　4.11  +0.04   +0.983% 4.10    4.11    4.07    4.10    4.11    4.07    16,003  654.87  收藏    股吧
sh603022        新通联  　7.57  -0.02   -0.264% 7.56    7.57    7.59    7.60    7.64    7.52    4,944   374.07  收藏    股吧
sh603058        永吉股份        　10.23 -0.01   -0.098% 10.22   10.23   10.24   10.27   10.34   10.14   17,799  1,818.32        收藏    股吧
sh603499        翔港科技        　20.86 +0.12   +0.579% 20.85   20.86   20.74   20.83   21.12   20.79   13,599  2,848.08        收藏    股吧
sh603607        京华激光        　19.25 -0.14   -0.722% 19.25   19.27   19.39   19.47   19.54   19.21   8,736   1,688.16        收藏    股吧
sz000659        珠海中富        　4.12  -0.03   -0.723% 4.12    4.13    4.15    4.15    4.18    4.06    101,531 4,198.80        收藏    股吧
sz000812        陕西金叶        　3.90  -0.01   -0.256% 3.88    3.90    3.91    3.90    3.99    3.84    158,732 6,222.05        收藏    股吧
sz002014        永新股份        　6.07  +0.07   +1.167% 6.07    6.08    6.00    6.09    6.10    6.00    26,652  1,614.68        收藏    股吧
sz002117        东港股份        　14.71 +0.02   +0.136% 14.70   14.71   14.69   14.65   14.83   14.56   10,093  1,481.93        收藏    股吧
sz002191        劲嘉股份        　8.12  +0.03   +0.371% 8.11    8.12    8.09    8.12    8.29    7.97    131,287 10,642.52       收藏    股吧
sz002228        合兴包装        　4.80  -0.05   -1.031% 4.79    4.80    4.85    4.91    4.94    4.77    105,460 5,092.56        收藏    股吧
sz002229        鸿博股份        　6.97  -0.19   -2.654% 6.97    6.98    7.16    7.16    7.22    6.94    164,273 11,560.35       收藏    股吧
sz002243        通产丽星        　8.73  +0.79   +9.950% 8.73    0.00    7.94    8.73    8.73    8.73    6,977   609.09  收藏    股吧
sz002303        美盈森  　5.02  -0.03   -0.594% 5.02    5.03    5.05    5.05    5.09    5.00    16,614  837.89  收藏    股吧
sz002522        浙江众成        　5.55  +0.16   +2.968% 5.55    5.56    5.39    5.39    5.57    5.39    161,746 8,897.60        收藏    股吧
sz002565        顺灏股份        　4.09  -0.02   -0.487% 4.09    4.10    4.11    4.12    4.13    4.09    4,640   190.59  收藏    股吧
sz002585        双星新材        　5.11  -0.01   -0.195% 5.11    5.12    5.12    5.14    5.15    5.10    87,396  4,473.31        收藏    股吧
sz002599        盛通股份        　9.61  -0.17   -1.738% 9.60    9.61    9.78    9.86    9.86    9.50    6,089   590.20  收藏    股吧
sz002701        奥瑞金  　4.99  0.00    0.000%  4.98    4.99    4.99    4.99    4.99    4.95    49,574  2,465.79        收藏    股吧
sz002735        王子新材        　22.99 -0.86   -3.606% 22.98   22.99   23.85   23.60   23.60   22.90   11,427  2,644.25        收藏    股吧
sz002752        昇兴股份        　7.20  +0.04   +0.559% 7.18    7.20    7.16    7.21    7.22    7.12    19,130  1,370.00        收藏    股吧
sz002787        华源控股        　8.03  +0.17   +2.163% 8.03    8.04    7.86    7.85    8.21    7.80    47,501  3,821.53        收藏    股吧
sz002799        环球印务        　12.43 -0.33   -2.586% 12.43   12.44   12.76   12.76   12.87   12.34   12,059  1,510.03        收藏    股吧
sz002803        吉宏股份        　30.72 +1.19   +4.030% 30.70   30.72   29.53   29.75   31.25   29.53   25,302  7,738.62        收藏    股吧
sz002812        恩捷股份        　55.29 +1.08   +1.992% 55.28   55.29   54.21   54.21   55.77   53.84   15,402  8,460.19        收藏    股吧
sz002831        裕同科技        　40.64 0.00    0.000%  40.64   40.71   40.64   40.64   41.45   40.40   6,761   2,758.83        收藏    股吧
sz002836        新宏泽  　13.00 +0.22   +1.721% 13.00   13.01   12.78   12.86   13.17   12.64   31,253  4,018.88        收藏    股吧
sz002846        英联股份        　11.13 +0.17   +1.551% 11.12   11.13   10.96   10.98   11.15   10.98   14,343  1,589.61        收藏    股吧
sz300057        万顺股份        　6.63  +0.07   +1.067% 6.62    6.63    6.56    6.53    6.65    6.53    8,185   540.57  收藏    股吧
sz300501        海顺新材        　17.23 -0.09   -0.520% 17.22   17.23   17.32   17.59   17.59   17.15   5,742   994.78  收藏    股吧
