sh600054        黄山旅游        　9.97  -0.10   -0.993% 9.97    9.98    10.07   10.13   10.13   9.91    14,614  1,458.28        收藏    股吧
sh600593        大连圣亚        　32.52 +1.08   +3.435% 32.52   32.55   31.44   31.51   32.81   31.23   16,674  5,332.82        收藏    股吧
sh603099        长白山  　8.89  +0.03   +0.339% 8.89    8.90    8.86    8.90    8.96    8.86    3,779   336.34  收藏    股吧
sh603136        天目湖  　29.33 +0.03   +0.102% 29.33   29.35   29.30   29.40   29.48   29.18   3,731   1,095.87        收藏    股吧
sh603199        九华旅游        　20.51 -0.07   -0.340% 20.49   20.51   20.58   20.67   20.67   20.46   1,485   304.62  收藏    股吧
sz000430        张家界  　5.43  +0.02   +0.370% 5.43    5.44    5.41    5.41    5.46    5.41    13,153  714.89  收藏    股吧
sz000863        三湘印象        　4.04  +0.02   +0.498% 4.03    4.04    4.02    4.06    4.06    4.01    8,451   340.19  收藏    股吧
sz000888        峨眉山Ａ        　5.87  +0.03   +0.514% 5.86    5.87    5.84    5.84    5.87    5.82    14,894  870.13  收藏    股吧
sz000978        桂林旅游        　5.54  -0.01   -0.180% 5.53    5.54    5.55    5.58    5.59    5.51    23,653  1,311.54        收藏    股吧
sz300144        宋城演艺        　19.99 -0.69   -3.337% 19.99   20.00   20.68   20.41   20.57   19.77   143,842 28,856.85       收藏    
