sh603556        海兴电力        　13.10 -0.11   -0.833% 13.10   13.11   13.21   13.26   13.27   13.10   11,722  1,544.05        收藏    股吧
sz000901        航天科技        　9.76  -0.03   -0.306% 9.76    9.77    9.79    9.83    9.85    9.64    48,270  4,701.97        收藏    股吧
sz002338        奥普光电        　12.01 -0.02   -0.166% 12.00   12.01   12.03   12.08   12.18   11.98   23,506  2,838.79        收藏    股吧
sz002658        雪迪龙  　7.84  -0.11   -1.384% 7.84    7.85    7.95    8.00    8.00    7.81    19,319  1,524.94        收藏    股吧
sz002819        东方中科        　21.55 +0.57   +2.717% 21.51   21.55   20.98   20.99   21.66   20.80   9,492   2,024.17        收藏    股吧
sz002849        威星智能        　15.61 -0.28   -1.762% 15.61   15.63   15.89   15.91   16.50   15.61   38,722  6,164.15        收藏    股吧
sz002857        三晖电气        　11.86 +0.12   +1.022% 11.86   11.87   11.74   11.82   11.94   11.67   13,242  1,563.17        收藏    股吧
sz002870        香山股份        　15.62 +0.08   +0.515% 15.62   15.67   15.54   15.54   15.77   15.54   3,123   489.76  收藏    股吧
sz300007        汉威科技        　10.42 -0.17   -1.605% 10.42   10.43   10.59   10.61   10.65   10.36   36,013  3,773.82        收藏    股吧
sz300066        三川智慧        　3.47  -0.03   -0.857% 3.47    3.48    3.50    3.49    3.51    3.45    26,158  911.54  收藏    股吧
sz300112        万讯自控        　7.04  +0.08   +1.149% 6.99    7.04    6.96    7.01    7.08    6.95    10,411  730.91  收藏    股吧
sz300114        中航电测        　8.26  +0.09   +1.102% 8.25    8.26    8.17    8.18    8.31    8.17    39,073  3,219.16        收藏    股吧
sz300165        天瑞仪器        　4.36  +0.01   +0.230% 4.36    4.37    4.35    4.34    4.40    4.33    24,683  1,076.36        收藏    股吧
sz300259        新天科技        　2.88  -0.01   -0.346% 2.87    2.88    2.89    2.90    2.91    2.86    43,065  1,242.14        收藏    股吧
sz300306        远方信息        　7.12  +0.03   +0.423% 7.11    7.12    7.09    7.12    7.16    7.02    13,612  966.79  收藏    股吧
sz300341        麦迪电气        　5.14  -0.05   -0.963% 5.14    5.15    5.19    5.24    5.24    5.09    22,785  1,174.21        收藏    股吧
sz300349        金卡智能        　17.10 +0.35   +2.090% 17.09   17.10   16.75   16.88   17.27   16.78   32,341  5,516.24        收藏    股吧
sz300354        东华测试        　8.73  0.00    0.000%  8.72    8.73    8.73    8.73    8.79    8.70    5,918   517.72  收藏    股吧
sz300370        安控科技        　2.95  0.00    0.000%  2.94    2.95    2.95    2.98    3.00    2.91    221,018 6,495.85        收藏    股吧
sz300371        汇中股份        　13.36 +0.11   +0.830% 13.36   13.38   13.25   13.22   13.54   13.22   5,663   760.33  收藏    股吧
sz300410        正业科技        　24.33 +0.25   +1.038% 24.32   24.33   24.08   24.10   24.40   23.70   43,523  10,468.31       收藏    股吧
sz300416        苏试试验        　19.72 -0.15   -0.755% 19.70   19.72   19.87   20.10   20.27   19.63   3,184   635.77  收藏    股吧
sz300417        南华仪器        　15.86 +0.05   +0.316% 15.80   15.86   15.81   15.97   16.05   15.72   2,794   442.90  收藏    股吧
sz300445        康斯特  　10.49 -0.21   -1.963% 10.49   10.57   10.70   10.81   10.81   10.45   6,228   660.36  收藏    股吧
sz300515        三德科技        　9.02  -0.13   -1.421% 9.02    9.03    9.15    9.07    9.25    8.98    16,313  1,483.50        收藏    股吧
sz300553        集智股份        　33.11 +0.47   +1.440% 33.11   33.12   32.64   32.80   33.15   32.51   2,122   695.76  收藏    股吧
sz300557        理工光科        　23.29 -0.14   -0.598% 23.29   23.38   23.43   23.38   23.55   23.20   2,023   472.23  收藏    股吧
sz300567        精测电子        　51.36 0.00    0.000%  51.33   51.39   51.36   51.61   51.61   50.90   3,309   1,698.43        收藏    股吧
sz300572        安车检测        　47.63 +0.03   +0.063% 47.27   47.63   47.60   48.38   48.38   47.20   2,491   1,187.29        收藏    股吧
sz300648        星云股份        　16.09 +0.24   +1.514% 16.09   16.10   15.85   16.10   16.29   15.86   13,722  2,212.19        收藏    股吧
sz300667        必创科技        　25.19 0.00    0.000%  25.19   25.20   25.19   25.30   25.50   25.11   11,142  2,812.01        收藏    股吧
sz300720        海川智能        　25.17 +0.13   +0.519% 25.17   25.18   25.04   25.15   25.42   25.12   7,682   1,942.03        收藏    
