sh600165        新日恒力        　5.39  -0.07   -1.282% 5.39    5.40    5.46    5.65    5.78    5.39    658,484 36,542.21       收藏    股吧
sh600558        大西洋  　3.40  -0.01   -0.293% 3.40    3.41    3.41    3.42    3.43    3.37    28,210  958.67  收藏    股吧
sh600577        精达股份        　3.03  -0.01   -0.329% 3.03    3.04    3.04    3.03    3.05    3.02    63,638  1,932.16        收藏    股吧
sh600860        京城股份        　5.01  -0.12   -2.339% 5.01    5.02    5.13    5.02    5.18    5.00    34,401  1,747.35        收藏    股吧
sh600992        贵绳股份        　7.25  +0.07   +0.975% 7.24    7.25    7.18    7.23    7.28    7.16    6,060   438.36  收藏    股吧
sh601028        玉龙股份        　5.02  -0.01   -0.199% 5.01    5.02    5.03    5.01    5.08    4.98    41,763  2,095.07        收藏    股吧
sh603028        赛福天  　7.62  0.00    0.000%  7.61    7.62    7.62    7.65    7.69    7.58    11,265  859.14  收藏    股吧
sh603278        大业股份        　14.67 +0.07   +0.479% 14.66   14.67   14.60   14.60   14.71   14.56   7,237   1,058.54        收藏    股吧
sh603626        科森科技        　8.45  +0.03   +0.356% 8.44    8.45    8.42    8.45    8.51    8.38    20,093  1,694.64        收藏    股吧
sh603969        银龙股份        　4.88  0.00    0.000%  4.87    4.88    4.88    4.90    4.97    4.86    77,517  3,813.58        收藏    股吧
sz000039        中集集团        　11.03 +0.06   +0.547% 11.02   11.03   10.97   10.98   11.11   10.97   25,041  2,764.21        收藏    股吧
sz000890        法 尔 胜        　4.78  -0.12   -2.449% 4.78    4.79    4.90    4.68    4.92    4.68    37,432  1,797.42        收藏    股吧
sz002132        恒星科技        　2.91  +0.03   +1.042% 2.90    2.91    2.88    2.90    2.92    2.86    140,521 4,070.63        收藏    股吧
sz002150        通润装备        　6.52  -0.02   -0.306% 6.52    6.55    6.54    6.58    6.59    6.51    12,695  832.13  收藏    股吧
sz002342        巨力索具        　3.82  -0.03   -0.779% 3.82    3.83    3.85    3.86    3.96    3.82    136,836 5,302.21        收藏    股吧
sz002487        大金重工        　3.69  -0.11   -2.895% 3.69    3.70    3.80    3.84    3.84    3.68    32,673  1,217.95        收藏    股吧
sz002843        泰嘉股份        　12.73 +0.11   +0.872% 12.73   12.74   12.62   12.72   12.78   12.53   12,817  1,621.61        收藏    股吧
sz300228        富瑞特装        　5.35  +0.01   +0.187% 5.35    5.36    5.34    5.34    5.61    5.28    260,653 14,171.83       收藏    股吧
sz300402        宝色股份        　8.35  -0.12   -1.417% 8.35    8.36    8.47    8.48    8.52    8.32    15,068  1,262.76        收藏    
