sh600114        东睦股份        　6.71  +0.06   +0.902% 6.70    6.71    6.65    6.66    6.74    6.66    25,688  1,720.31        收藏    股吧
sh600206        有研新材        　7.23  -0.02   -0.276% 7.22    7.23    7.25    7.28    7.43    7.20    164,929 12,038.59       收藏    股吧
sh600330        天通股份        　5.94  -0.01   -0.168% 5.94    5.95    5.95    5.97    6.03    5.90    57,011  3,399.51        收藏    股吧
sh600366        宁波韵升        　5.39  +0.06   +1.126% 5.38    5.39    5.33    5.36    5.48    5.35    79,165  4,284.55        收藏    股吧
sh600516        方大炭素        　18.32 -0.10   -0.543% 18.31   18.32   18.42   18.47   18.52   18.30   126,321 23,242.58       收藏    股吧
sh600614        鹏起科技        　3.65  -0.06   -1.617% 3.64    3.65    3.71    3.72    3.73    3.62    150,395 5,501.07        收藏    股吧
sh600615        丰华股份        　9.72  +0.14   +1.461% 9.70    9.72    9.58    9.59    9.75    9.59    6,207   602.29  收藏    股吧
sh600980        北矿科技        　10.50 -0.03   -0.285% 10.50   10.54   10.53   10.46   10.61   10.46   6,905   727.94  收藏    股吧
sh603045        福达合金        　29.63 +0.70   +2.420% 29.62   29.63   28.93   28.93   29.97   28.93   20,586  6,092.59        收藏    股吧
sh603260        合盛硅业        　46.36 -0.14   -0.301% 46.35   46.36   46.50   46.60   47.06   46.18   9,570   4,453.35        收藏    股吧
sh603612        索通发展        　13.06 +0.26   +2.031% 13.06   13.07   12.80   12.90   13.40   12.56   210,559 27,380.59       收藏    股吧
sh603688        石英股份        　10.81 -0.06   -0.552% 10.81   10.82   10.87   10.81   10.92   10.65   40,501  4,356.72        收藏    股吧
sh603826        坤彩科技        　15.30 -0.05   -0.326% 15.29   15.30   15.35   15.39   15.54   15.23   22,963  3,528.46        收藏    股吧
sh603978        深圳新星        　21.26 -0.03   -0.141% 21.26   21.27   21.29   21.43   21.43   21.23   6,173   1,315.23        收藏    股吧
sz000633        合金投资        　4.46  -0.03   -0.668% 4.46    4.47    4.49    4.52    4.59    4.43    40,584  1,832.48        收藏    股吧
sz000795        英洛华  　3.89  -0.01   -0.256% 3.89    3.90    3.90    3.92    3.96    3.88    63,268  2,480.00        收藏    股吧
sz000962        东方钽业        　6.92  -0.06   -0.860% 6.92    6.93    6.98    6.98    7.04    6.92    31,877  2,224.10        收藏    股吧
sz000969        安泰科技        　4.99  -0.02   -0.399% 4.99    5.00    5.01    5.02    5.04    4.98    31,249  1,565.88        收藏    股吧
sz000970        中科三环        　8.21  +0.13   +1.609% 8.20    8.21    8.08    8.09    8.38    8.06    133,576 10,997.07       收藏    股吧
sz002057        中钢天源        　6.35  -0.02   -0.314% 6.35    6.36    6.37    6.40    6.42    6.34    16,687  1,065.31        收藏    股吧
sz002130        沃尔核材        　3.58  -0.08   -2.186% 3.58    3.59    3.66    3.67    3.70    3.57    97,735  3,527.46        收藏    股吧
sz002149        西部材料        　5.85  -0.04   -0.679% 5.85    5.86    5.89    5.90    5.91    5.82    45,004  2,635.66        收藏    股吧
sz002182        云海金属        　6.89  -0.06   -0.863% 6.88    6.89    6.95    7.00    7.00    6.88    35,907  2,484.70        收藏    股吧
sz002340        格林美  　4.16  +0.05   +1.217% 4.15    4.16    4.11    4.13    4.18    4.11    289,015 11,991.14       收藏    股吧
sz300127        银河磁体        　11.67 +0.13   +1.127% 11.67   11.68   11.54   11.65   11.82   11.57   16,252  1,901.02        收藏    股吧
sz300224        正海磁材        　6.49  +0.08   +1.248% 6.48    6.49    6.41    6.40    6.55    6.38    39,838  2,584.03        收藏    股吧
sz300395        菲利华  　15.79 +0.30   +1.937% 15.78   15.79   15.49   15.50   15.90   15.50   19,383  3,045.93        收藏    股吧
sz300428        四通新材        　12.65 -0.10   -0.784% 12.65   12.66   12.75   12.51   13.40   12.30   115,740 14,888.43       收藏    股吧
sz300489        中飞股份        　12.50 -0.01   -0.080% 12.48   12.50   12.51   12.52   12.62   12.45   4,257   533.22  收藏    股吧
sz300666        江丰电子        　46.46 +0.17   +0.367% 46.46   46.47   46.29   46.85   47.78   46.22   41,982  19,651.13       收藏    股吧
sz300706        阿石创  　27.78 +0.03   +0.108% 27.77   27.78   27.75   27.88   28.19   27.70   11,296  3,150.91        收藏    股吧
sz300731        科创新源        　24.94 -0.38   -1.501% 24.94   24.97   25.32   25.32   25.34   24.91   17,853  4,477.57        收藏    股吧
sz300748        金力永磁        　22.16 +0.87   +4.086% 22.16   22.17   21.29   21.42   23.36   21.38   114,070 25,487.18       收藏    股吧
