sh600069        银鸽投资        　3.30  -0.02   -0.602% 3.29    3.30    3.32    3.34    3.36    3.26    76,974  2,531.96        收藏    股吧
sh600103        青山纸业        　2.76  +0.01   +0.364% 2.75    2.76    2.75    2.74    2.77    2.74    24,504  674.49  收藏    股吧
sh600235        民丰特纸        　6.45  +0.13   +2.057% 6.45    6.46    6.32    6.34    6.68    6.23    565,204 36,588.97       收藏    股吧
sh600308        华泰股份        　4.55  0.00    0.000%  4.54    4.55    4.55    4.57    4.60    4.53    55,723  2,543.89        收藏    股吧
sh600356        恒丰纸业        　5.85  +0.03   +0.515% 5.84    5.85    5.82    5.86    5.90    5.82    8,263   484.34  收藏    股吧
sh600433        冠豪高新        　3.81  -0.01   -0.262% 3.80    3.81    3.82    3.80    3.84    3.80    13,737  525.33  收藏    股吧
sh600567        山鹰纸业        　3.24  +0.04   +1.250% 3.24    3.25    3.20    3.22    3.26    3.20    363,879 11,748.43       收藏    股吧
sh600793        宜宾纸业        　15.76 -0.01   -0.063% 15.74   15.76   15.77   15.80   15.90   15.67   4,928   775.93  收藏    股吧
sh600963        岳阳林纸        　4.25  -0.04   -0.932% 4.24    4.25    4.29    4.31    4.35    4.23    82,557  3,533.16        收藏    股吧
sh600966        博汇纸业        　3.32  -0.02   -0.599% 3.32    3.33    3.34    3.35    3.36    3.31    38,960  1,297.14        收藏    股吧
sh603165        荣晟环保        　16.14 +0.03   +0.186% 16.13   16.14   16.11   16.16   16.33   16.06   5,628   910.03  收藏    股吧
sh603429        集友股份        　26.25 -0.55   -2.052% 26.22   26.25   26.80   26.70   27.10   26.03   5,029   1,341.24        收藏    股吧
sh603733        仙鹤股份        　15.30 +0.33   +2.204% 15.29   15.30   14.97   14.94   15.47   14.94   30,673  4,680.33        收藏    股吧
sz000488        晨鸣纸业        　5.97  0.00    0.000%  5.96    5.97    5.97    5.99    6.03    5.95    95,580  5,725.96        收藏    股吧
sz000815        美利云  　7.17  +0.01   +0.140% 7.17    7.18    7.16    7.21    7.25    7.16    7,182   517.08  收藏    股吧
sz002012        凯恩股份        　4.47  -0.03   -0.667% 4.47    4.48    4.50    4.53    4.57    4.47    51,391  2,321.27        收藏    股吧
sz002067        景兴纸业        　3.80  -0.03   -0.783% 3.80    3.81    3.83    3.84    3.86    3.79    90,681  3,468.93        收藏    股吧
sz002078        太阳纸业        　6.05  -0.03   -0.493% 6.04    6.05    6.08    6.11    6.13    6.02    145,907 8,844.71        收藏    股吧
sz002235        安妮股份        　6.05  -0.12   -1.945% 6.04    6.05    6.17    6.16    6.21    6.04    243,544 14,865.70       收藏    股吧
sz002511        中顺洁柔        　8.84  +0.03   +0.341% 8.84    8.85    8.81    8.80    8.90    8.78    81,314  7,210.12        收藏    股吧
sz002521        齐峰新材        　5.77  +0.01   +0.174% 5.75    5.77    5.76    5.76    5.78    5.72    19,312  1,111.44        收藏    股吧
