sh600248        延长化建        　4.20  +0.01   +0.239% 4.18    4.20    4.19    4.19    4.25    4.17    13,535  569.47  收藏    股吧
sh600477        杭萧钢构        　3.99  -0.02   -0.499% 3.98    3.99    4.01    4.01    4.02    3.97    86,633  3,452.37        收藏    股吧
sh600496        精工钢构        　2.82  0.00    0.000%  2.81    2.82    2.82    2.83    2.84    2.81    34,476  972.81  收藏    股吧
sh600629        华建集团        　11.78 -0.02   -0.169% 11.78   11.79   11.80   11.85   11.88   11.67   6,400   752.93  收藏    股吧
sh600970        中材国际        　5.72  -0.01   -0.175% 5.71    5.72    5.73    5.74    5.77    5.69    59,539  3,410.43        收藏    股吧
sh601068        中铝国际        　5.64  +0.11   +1.989% 5.64    5.65    5.53    5.56    5.74    5.55    248,765 14,089.66       收藏    股吧
sh601117        中国化学        　5.71  +0.01   +0.175% 5.70    5.71    5.70    5.70    5.72    5.69    103,167 5,883.56        收藏    股吧
sh601226        华电重工        　3.96  0.00    0.000%  3.96    3.97    3.96    3.96    3.98    3.94    17,150  677.98  收藏    股吧
sh601618        中国中冶        　3.14  +0.03   +0.965% 3.13    3.14    3.11    3.12    3.15    3.11    143,450 4,494.98        收藏    股吧
sh603098        森特股份        　11.69 +0.07   +0.602% 11.69   11.70   11.62   11.62   12.13   11.56   18,321  2,175.80        收藏    股吧
sh603637        镇海股份        　14.18 -0.06   -0.421% 14.17   14.18   14.24   14.30   14.32   14.16   3,912   555.36  收藏    股吧
sh603698        航天工程        　14.91 +0.04   +0.269% 14.90   14.91   14.87   14.88   14.99   14.87   4,110   613.66  收藏    股吧
sh603929        亚翔集成        　15.65 -0.09   -0.572% 15.65   15.66   15.74   15.85   15.86   15.59   12,038  1,889.69        收藏    股吧
sh603959        百利科技        　17.00 -0.10   -0.585% 17.00   17.04   17.10   17.01   17.58   16.79   22,080  3,791.60        收藏    股吧
sz000018        神州长城        　2.51  -0.05   -1.953% 2.50    2.51    2.56    2.58    2.58    2.50    221,850 5,605.54        收藏    股吧
sz000055        方大集团        　4.27  -0.01   -0.234% 4.27    4.28    4.28    4.32    4.32    4.26    29,396  1,257.97        收藏    股吧
sz000065        北方国际        　8.72  +0.06   +0.693% 8.71    8.72    8.66    8.67    8.78    8.66    15,810  1,377.63        收藏    股吧
sz000928        中钢国际        　4.34  0.00    0.000%  4.34    4.35    4.34    4.35    4.37    4.33    36,829  1,602.08        收藏    股吧
sz002051        中工国际        　11.43 0.00    0.000%  11.43   11.44   11.43   11.45   11.59   11.43   25,248  2,899.64        收藏    股吧
sz002135        东南网架        　5.28  -0.04   -0.752% 5.28    5.29    5.32    5.31    5.36    5.28    22,662  1,205.06        收藏    股吧
sz002140        东华科技        　6.25  +0.03   +0.482% 6.25    6.26    6.22    6.34    6.34    6.24    10,774  675.74  收藏    股吧
sz002178        延华智能        　4.19  +0.02   +0.480% 4.19    4.20    4.17    4.18    4.21    4.13    65,527  2,735.31        收藏    股吧
sz002469        三维工程        　4.16  +0.05   +1.217% 4.16    4.17    4.11    4.14    4.23    4.11    26,175  1,091.28        收藏    股吧
sz002541        鸿路钢构        　7.31  0.00    0.000%  7.29    7.31    7.31    7.29    7.36    7.27    15,318  1,120.86        收藏    股吧
sz002542        中化岩土        　4.84  +0.04   +0.833% 4.83    4.84    4.80    4.80    4.90    4.80    158,357 7,658.44        收藏    股吧
sz002545        东方铁塔        　6.17  +0.28   +4.754% 6.17    6.18    5.89    5.90    6.25    5.87    117,646 7,179.57        收藏    股吧
sz002743        富煌钢构        　6.29  +0.02   +0.319% 6.28    6.29    6.27    6.22    6.35    6.22    44,735  2,812.50        收藏    股吧
sz002755        东方新星        　13.95 +0.12   +0.868% 13.95   13.96   13.83   13.90   14.00   13.75   33,641  4,671.66        收藏    股吧
sz300517        海波重科        　13.69 +0.19   +1.407% 13.68   13.69   13.50   13.39   13.76   13.39   18,756  2,546.63        收藏    股吧
sz300635        达安股份        　12.15 +0.17   +1.419% 12.14   12.15   11.98   12.09   12.19   11.92   13,652  1,649.52        收藏    股吧
