sh600010        包钢股份        　1.54  0.00    0.000%  1.54    1.55    1.54    1.54    1.55    1.53    793,316 12,240.49       收藏    股吧
sh600019        宝钢股份        　6.83  -0.06   -0.871% 6.82    6.83    6.89    6.95    6.95    6.82    211,535 14,501.10       收藏    股吧
sh600022        山东钢铁        　1.65  0.00    0.000%  1.65    1.66    1.65    1.66    1.66    1.65    231,939 3,833.35        收藏    股吧
sh600117        西宁特钢        　3.76  +0.01   +0.267% 3.76    3.77    3.75    3.75    3.82    3.74    25,496  961.96  收藏    股吧
sh600126        杭钢股份        　4.54  0.00    0.000%  4.53    4.54    4.54    4.54    4.58    4.53    14,731  670.24  收藏    股吧
sh600231        凌钢股份        　2.88  +0.03   +1.053% 2.87    2.88    2.85    2.85    2.89    2.83    69,583  1,994.10        收藏    股吧
sh600282        南钢股份        　3.44  +0.03   +0.880% 3.43    3.44    3.41    3.43    3.47    3.41    203,602 7,005.25        收藏    股吧
sh600307        酒钢宏兴        　2.01  -0.01   -0.495% 2.01    2.02    2.02    2.01    2.03    2.01    84,881  1,713.04        收藏    股吧
sh600399        *ST抚钢 　2.38  0.00    0.000%  0.00    0.00    2.38    0.00    0.00    0.00    0       0.00    收藏    股吧
sh600507        方大特钢        　10.47 +0.07   +0.673% 10.47   10.48   10.40   10.45   10.53   10.43   70,902  7,434.32        收藏    股吧
sh600569        安阳钢铁        　3.27  +0.01   +0.307% 3.26    3.27    3.26    3.26    3.30    3.26    108,760 3,562.90        收藏    股吧
sh600581        八一钢铁        　3.93  +0.01   +0.255% 3.92    3.93    3.92    3.93    3.97    3.91    133,853 5,276.88        收藏    股吧
sh600782        新钢股份        　5.23  +0.12   +2.348% 5.22    5.23    5.11    5.14    5.26    5.12    429,309 22,409.50       收藏    股吧
sh600808        马钢股份        　3.60  +0.01   +0.279% 3.59    3.60    3.59    3.60    3.62    3.57    249,430 8,955.90        收藏    股吧
sh601003        柳钢股份        　6.80  -0.03   -0.439% 6.79    6.80    6.83    6.88    6.94    6.78    110,524 7,571.06        收藏    股吧
sh601005        重庆钢铁        　2.02  +0.03   +1.508% 2.02    2.03    1.99    2.01    2.03    2.00    249,586 5,049.76        收藏    股吧
sh603878        武进不锈        　12.11 +0.04   +0.331% 12.11   12.12   12.07   12.14   12.30   12.09   7,720   940.90  收藏    股吧
sz000708        大冶特钢        　9.05  +0.01   +0.111% 9.04    9.05    9.04    9.07    9.14    9.02    20,204  1,832.82        收藏    股吧
sz000709        河钢股份        　2.96  +0.01   +0.339% 2.95    2.96    2.95    2.96    2.97    2.95    144,739 4,283.98        收藏    股吧
sz000717        韶钢松山        　5.12  +0.08   +1.587% 5.11    5.12    5.04    5.07    5.15    5.06    210,518 10,777.74       收藏    股吧
sz000761        本钢板材        　3.64  0.00    0.000%  3.64    3.65    3.64    3.65    3.67    3.63    22,487  819.16  收藏    股吧
sz000778        新兴铸管        　4.44  0.00    0.000%  4.43    4.44    4.44    4.46    4.47    4.42    75,009  3,331.96        收藏    股吧
sz000825        太钢不锈        　4.53  +0.01   +0.221% 4.52    4.53    4.52    4.53    4.55    4.51    144,254 6,530.01        收藏    股吧
sz000898        鞍钢股份        　5.40  -0.02   -0.369% 5.40    5.41    5.42    5.43    5.45    5.39    115,458 6,256.92        收藏    股吧
sz000932        华菱钢铁        　6.46  +0.15   +2.377% 6.45    6.46    6.31    6.34    6.52    6.31    484,710 31,215.85       收藏    股吧
sz000959        首钢股份        　3.83  -0.01   -0.260% 3.83    3.84    3.84    3.84    3.85    3.81    22,307  854.62  收藏    股吧
sz002075        沙钢股份        　9.45  +0.06   +0.639% 9.45    9.46    9.39    9.46    9.62    9.20    426,577 40,175.44       收藏    股吧
sz002110        三钢闽光        　13.66 +0.13   +0.961% 13.66   13.67   13.53   13.57   13.84   13.57   262,629 36,002.17       收藏    股吧
sz002318        久立特材        　6.40  -0.03   -0.467% 6.40    6.41    6.43    6.43    6.52    6.40    23,479  1,513.44        收藏    股吧
sz002443        金洲管道        　6.42  +0.30   +4.902% 6.41    6.42    6.12    6.03    6.66    5.98    298,821 18,971.28       收藏    股吧
sz002478        常宝股份        　5.02  0.00    0.000%  5.01    5.02    5.02    5.00    5.05    4.97    27,388  1,370.35        收藏    股吧
sz002756        永兴特钢        　12.78 -0.01   -0.078% 12.77   12.78   12.79   12.79   12.86   12.74   6,341   811.06  收藏    
