sh600058	五矿发展	　7.09	+0.03	+0.425%	7.08	7.09	7.06	7.06	7.13	6.98	31,432	2,218.54	收藏	股吧
sh600120	浙江东方	　14.48	-0.16	-1.093%	14.47	14.48	14.64	14.49	14.72	14.23	159,993	23,147.79	收藏	股吧
sh600241	时代万恒	　6.58	+0.03	+0.458%	6.58	6.59	6.55	6.56	6.59	6.51	9,171	600.85	收藏	股吧
sh600247	*ST成城	　5.97	+0.28	+4.921%	5.97	0.00	5.69	5.70	5.97	5.61	34,104	1,989.60	收藏	股吧
sh600250	南纺股份	　7.28	+0.10	+1.393%	7.27	7.28	7.18	7.13	7.33	7.08	45,285	3,273.98	收藏	股吧
sh600278	东方创业	　9.49	+0.08	+0.850%	9.48	9.49	9.41	9.38	9.53	9.33	73,351	6,925.21	收藏	股吧
sh600287	江苏舜天	　5.47	-0.03	-0.545%	5.46	5.47	5.50	5.45	5.52	5.41	33,592	1,829.95	收藏	股吧
sh600605	汇通能源	　9.58	+0.05	+0.525%	9.56	9.58	9.53	9.52	9.60	9.47	9,757	930.42	收藏	股吧
sh600608	ST沪科	　4.45	+0.04	+0.907%	4.45	4.46	4.41	4.43	4.52	4.42	16,009	714.29	收藏	股吧
sh600626	申达股份	　5.66	-0.03	-0.527%	5.65	5.66	5.69	5.71	5.72	5.60	60,968	3,448.44	收藏	股吧
sh600710	苏美达	　4.04	+0.06	+1.508%	4.03	4.04	3.98	3.96	4.05	3.95	50,138	2,008.71	收藏	股吧
sh600735	新华锦	　7.10	+0.65	+10.078%	7.10	0.00	6.45	7.10	7.10	7.01	391,342	27,782.29	收藏	股吧
sh600739	辽宁成大	　12.05	+0.14	+1.175%	12.04	12.05	11.91	11.88	12.10	11.83	68,398	8,203.68	收藏	股吧
sh600753	东方银星	　16.44	+0.15	+0.921%	16.43	16.44	16.29	16.29	16.44	16.10	31,166	5,070.20	收藏	股吧
sh600755	厦门国贸	　7.36	-0.06	-0.809%	7.35	7.36	7.42	7.30	7.43	7.27	470,667	34,551.71	收藏	股吧
sh600822	上海物贸	　9.91	+0.04	+0.405%	9.90	9.91	9.87	9.85	9.94	9.75	51,731	5,084.13	收藏	股吧
sh600826	兰生股份	　10.65	+0.09	+0.852%	10.65	10.66	10.56	10.59	10.76	10.50	63,679	6,767.63	收藏	股吧
sh600981	汇鸿集团	　4.37	-0.15	-3.319%	4.37	4.38	4.52	4.49	4.49	4.35	154,413	6,783.12	收藏	股吧
sz000151	中成股份	　11.52	+0.14	+1.230%	11.52	11.53	11.38	11.31	11.69	11.25	97,433	11,145.13	收藏	股吧
sz000155	川能动力	　4.08	+0.04	+0.990%	4.07	4.08	4.04	4.05	4.14	4.01	107,414	4,377.65	收藏	股吧
sz000626	远大控股	　7.51	+0.08	+1.077%	7.51	7.52	7.43	7.33	7.53	7.33	38,120	2,830.35	收藏	股吧
sz000906	浙商中拓	　5.47	-0.02	-0.364%	5.47	5.48	5.49	5.46	5.50	5.31	32,447	1,758.84	收藏	股吧
sz002091	江苏国泰	　5.66	-0.07	-1.222%	5.65	5.66	5.73	5.69	5.73	5.57	174,539	9,829.84	收藏	股吧
