sh600060	海信电器	　9.49	+0.39	+4.286%	9.48	9.49	9.10	9.30	9.57	9.30	76,265	7,217.43	收藏	股吧
sh600839	四川长虹	　2.53	+0.07	+2.846%	2.52	2.53	2.46	2.51	2.55	2.49	323,417	8,166.60	收藏	股吧
sh600870	*ST厦华	　3.33	+0.16	+5.047%	3.33	0.00	3.17	3.25	3.33	3.21	49,783	1,652.81	收藏	股吧
sh603996	中新科技	　8.43	+0.31	+3.818%	8.42	8.43	8.12	8.53	8.53	8.25	46,013	3,859.56	收藏	股吧
sz000016	深康佳Ａ	　3.79	+0.15	+4.121%	3.79	3.80	3.64	3.72	3.83	3.69	122,566	4,625.21	收藏	股吧
sz000100	TCL 集团	　2.54	+0.07	+2.834%	2.53	2.54	2.47	2.53	2.56	2.51	732,574	18,571.47	收藏	股吧
sz000801	四川九洲	　4.63	+0.13	+2.889%	4.62	4.63	4.50	4.65	4.72	4.55	138,437	6,413.99	收藏	股吧
sz000810	创维数字	　6.43	+0.17	+2.716%	6.42	6.43	6.26	6.40	6.49	6.31	109,784	7,054.51	收藏	股吧
sz002052	同洲电子	　3.64	+0.11	+3.116%	3.64	3.65	3.53	3.58	3.72	3.58	154,108	5,631.09	收藏	股吧
sz002420	毅昌股份	　3.70	+0.09	+2.493%	3.70	3.71	3.61	3.64	3.72	3.64	34,155	1,257.75	收藏	股吧
sz002429	兆驰股份	　2.11	+0.09	+4.455%	2.11	2.12	2.02	2.08	2.12	2.07	225,515	4,743.12	收藏	股吧
sz002519	银河电子	　3.82	+0.11	+2.965%	3.81	3.82	3.71	3.79	3.85	3.73	133,419	5,057.31	收藏	股吧
sz002848	高斯贝尔	　11.11	+0.43	+4.026%	11.10	11.11	10.68	11.06	11.22	10.77	141,294	15,621.07	收藏	股吧
