sh600008        首创股份        　3.61  +0.01   +0.278% 3.61    3.62    3.60    3.63    3.66    3.60    194,858 7,056.02        收藏    股吧
sh600168        武汉控股        　5.95  0.00    0.000%  5.94    5.95    5.95    5.95    5.98    5.91    7,942   472.43  收藏    股吧
sh600187        国中水务        　2.81  -0.02   -0.707% 2.80    2.81    2.83    2.82    2.86    2.80    113,777 3,208.83        收藏    股吧
sh600283        钱江水利        　11.33 +0.18   +1.614% 11.33   11.34   11.15   11.16   11.43   11.04   66,572  7,495.41        收藏    股吧
sh600461        洪城水业        　5.73  +0.05   +0.880% 5.72    5.73    5.68    5.69    5.74    5.68    12,246  699.17  收藏    股吧
sh600874        创业环保        　9.15  -0.03   -0.327% 9.15    9.16    9.18    9.29    9.46    9.15    230,093 21,443.71       收藏    股吧
sh601158        重庆水务        　5.52  -0.01   -0.181% 5.52    5.53    5.53    5.55    5.55    5.51    12,097  668.60  收藏    股吧
sh601199        江南水务        　3.73  -0.02   -0.533% 3.73    3.74    3.75    3.75    3.76    3.72    17,235  644.57  收藏    股吧
sh601368        绿城水务        　5.99  -0.04   -0.663% 5.99    6.00    6.03    6.03    6.04    5.98    6,793   409.09  收藏    股吧
sh603797        联泰环保        　12.39 +0.05   +0.405% 12.39   12.40   12.34   12.41   12.48   12.36   2,728   338.56  收藏    股吧
sh603903        中持股份        　22.06 -0.24   -1.076% 22.05   22.06   22.30   22.47   22.93   22.00   20,437  4,596.11        收藏    股吧
sz000544        中原环保        　5.37  +0.04   +0.750% 5.36    5.37    5.33    5.36    5.39    5.32    22,340  1,197.94        收藏    股吧
sz000598        兴蓉环境        　4.23  +0.04   +0.955% 4.22    4.23    4.19    4.20    4.23    4.19    55,231  2,327.20        收藏    股吧
sz000605        渤海股份        　9.75  -0.03   -0.307% 9.74    9.75    9.78    9.90    10.45   9.75    127,600 12,821.24       收藏    股吧
sz000685        中山公用        　7.18  +0.01   +0.139% 7.18    7.20    7.17    7.18    7.23    7.16    22,914  1,648.62        收藏    股吧
sz300388        国祯环保        　9.28  0.00    0.000%  9.27    9.28    9.28    9.40    9.40    9.23    18,828  1,750.69        收藏    股吧
sz300664        鹏鹞环保        　12.06 +0.05   +0.416% 12.06   12.07   12.01   12.03   12.14   12.02   8,467   1,022.51        收藏    股吧
sz300692        中环环保        　14.16 -0.02   -0.141% 14.15   14.16   14.18   14.33   14.37   14.15   8,408   1,196.42        收藏    股吧
