*****: 2
****: 1.5
richard@richard-Vostro-2421:~/stock/moneysea2$ python tools/dratio.py
002001 (0.8          7.9), (1.8,         71.3), (0.6,          3.9), (0.3,          0.7) 	新和成 	医药生物>化学制药
浙江绍兴 10月以来涨了20%多 高管增持，但解禁太多， 历史成绩不佳. 等待回调

600567 (0.6         12.1), (0.4,          4.9), (0.4,          6.5), (0.4,          6.2) 	山鹰纸业 	轻工>造纸
600963 (0.7          6.1), (0.7,          6.1), (0.2,          0.4), (0.3,          0.7) 	岳阳林纸 	轻工>造纸
300107 (13.4      81532.2), (12.3,      56066.4), (1.9,         25.6), (0.6,          0.5) 	建新股份 	化工>制品
300398 (4.2        354.6), (3.9,        270.6), (1.3,          5.2), (1.1,          2.9) 	飞凯材料 	化工>制品       *****
上海集成电路相关

300132 (3.3        257.1), (2.5,         85.6), (0.6,          1.2), (0.5,          0.2) 	青松股份 	化工>制品
300437 (2.6        224.7), (2.8,        272.1), (1.4,         30.6), (0.8,          5.0) 	清水源 	化工>制品
600426 (2.0        120.0), (2.0,        121.1), (0.5,          2.8), (0.4,          1.3) 	华鲁恒升 	化工>制品
300684 (2.6         88.4), (2.6,         83.3), (1.0,          3.6), (1.9,         26.8) 	中石科技 	化工>制品       ****
北京电子设备相关, 机构评价一般 
000830 (1.2         52.1), (1.2,         56.5), (0.4,          5.1), (0.4,          5.5) 	鲁西化工 	化工>制品
603086 (1.1         13.7), (1.3,         20.9), (0.3,          0.6), (0.3,          0.3) 	先达股份 	化工>制品
600500 (1.0         11.3), (3.0,        368.1), (0.3,          0.3), (0.5,          2.2) 	中化国际 	化工>制品
600486 (0.9          9.5), (1.2,         19.3), (0.4,          1.0), (0.5,          2.1) 	扬农化工 	化工>制品
002632 (1.1          9.3), (2.0,         52.8), (0.6,          1.5), (0.5,          1.0) 	道明光学 	化工>制品
600352 (0.7          9.0), (1.1,         28.0), (0.3,          1.6), (0.2,          0.9) 	浙江龙盛 	化工>制品
300082 (0.6          3.6), (0.8,          7.5), (0.4,          1.7), (0.3,          0.7) 	奥克股份 	化工>制品
002258 (0.6          3.1), (0.9,          9.6), (0.4,          1.7), (0.6,          3.1) 	利尔化学 	化工>制品
002440 (0.4          2.7), (0.5,          4.3), (0.1,          0.4), (0.4,          3.0) 	闰土股份 	化工>制品
600136 (1.6         26.0), (2.8,        185.6), (2.3,         82.1), (0.6,          1.4) 	当代明诚 	传媒>文化传媒   ****
600028 (0.6          4.7), (0.6,          4.6), (0.2,          0.5), (0.2,          0.7) 	中国石化 	化工>石油       ****
601233 (1.2         35.9), (1.2,         40.0), (0.3,          2.0), (0.3,          1.6) 	桐昆股份 	化工>纤维
603225 (0.6          6.3), (0.6,          6.3), (0.4,          3.2), (0.3,          2.1) 	新凤鸣 	化工>纤维
600803 (1.7         57.0), (2.0,        101.0), (0.4,          1.2), (0.6,          2.9) 	新奥股份 	公共>环境       ****
300422 (1.1         12.2), (1.3,         21.2), (1.1,         10.3), (0.8,          4.4) 	博世科 	公共>环境               ****
603588 (0.9          5.6), (0.8,          5.1), (0.5,          1.0), (0.5,          1.0) 	高能环境 	公共>环境
300121 (1.5         44.0), (1.4,         41.9), (0.3,          1.1), (0.3,          1.0) 	阳谷华泰 	化工>橡胶
603030 (1.6         51.4), (1.8,         70.0), (0.5,          2.5), (0.4,          1.2) 	全筑股份 	建筑装饰>装修装饰 ****
300506 (1.2         12.0), (1.2,         12.6), (1.4,         19.5), (0.6,          2.3) 	名家汇 	建筑装饰>装修装饰
300444 (5.6       2738.6), (1.7,         33.1), (0.6,          1.1), (0.4,          0.2) 	双杰电气 	电气>高低压设备  ****
300349 (1.0         11.1), (0.8,          6.9), (0.4,          1.4), (1.0,         11.4) 	金卡智能 	机械制品>仪器仪表 *****
300122 (2.8         43.8), (2.9,         50.5), (3.5,        107.3), (2.0,         12.8) 	智飞生物 	医药生物>生物制品 ***** ++++++++++++++++
上涨厉害，略有回调, 机构评分好

300601 (1.4          4.9), (1.7,          9.3), (0.9,          0.7), (1.1,          2.0) 	康泰生物 	医药生物>生物制品
300427 (5.8       3646.5), (6.1,       4641.2), (2.6,        147.0), (0.8,          3.9) 	红相股份 	电气>自动化 *****
600406 (1.7         44.2), (1.3,         18.9), (1.4,         24.3), (1.1,         12.7) 	国电南瑞 	电气>自动化
600658 (0.5          4.8), (0.6,          6.3), (0.9,         15.6), (0.4,          3.0) 	电子城 	房地产>园区开发
603609 (0.5          4.4), (0.6,          5.6), (0.1,          0.3), (0.2,          0.3) 	禾丰牧业 	农林牧渔>饲料
600811 (0.6          3.6), (1.6,         53.2), (0.5,          2.6), (0.3,          0.4) 	东方集团 	综合
603518 (1.4         48.6), (0.5,          3.0), (0.3,          1.3), (2.4,        293.1) 	维格娜丝 	纺织服装>服装商店
300038 (0.7          5.0), (0.8,          5.1), (0.9,          7.2), (1.8,         62.0) 	梅泰诺 	传媒>营销传播
300388 (1.3         18.8), (1.3,         22.0), (0.7,          4.1), (0.8,          5.1) 	国祯环保 	公共>供水   *****
600781 (54.1  198647383.1), (56.0,  235815643.9), (11.5,     119030.4), (10.7,      85946.3) 	辅仁药业 	医药生物>中药 ****      ??????
# 也是新股，新股的坑啊
601360 (55.1  107741837.3), (61.3,  182374778.1), (5.0,       1459.1), (4.1,        642.9) 	三六零 	计算机>应用         *****       ?????
# 原来数据错误，是借壳上市，所以非常大的涨幅，要对比同花顺来看

603636 (2.7        121.5), (4.0,        568.1), (0.7,          1.6), (0.7,          1.8) 	南威软件 	计算机>应用
002195 (0.5          2.6), (0.5,          3.2), (0.2,          0.4), (0.8,          9.0) 	二三四五 	计算机>应用
300123 (3.7        355.2), (7.2,       5876.7), (0.9,          3.5), (0.8,          1.9) 	亚光科技 	国防>船舶       *****
000537 (16.6    2180175.3), (16.9,    2393444.9), (3.9,       3871.8), (4.5,       6576.1) 	广宇发展 	房地产>房地产
000671 (1.6         82.7), (1.8,        134.7), (0.7,          9.0), (0.7,          9.7) 	阳光城 	房地产>房地产
001979 (1.2         38.2), (1.0,         21.4), (0.3,          1.4), (0.2,          0.7) 	招商蛇口 	房地产>房地产
002314 (1.3         37.4), (1.4,         47.4), (0.6,          5.3), (0.3,          1.6) 	南山控股 	房地产>房地产
601155 (0.6          7.1), (0.4,          4.0), (0.5,          4.9), (0.4,          4.5) 	新城控股 	房地产>房地产
601588 (0.4          4.8), (0.4,          3.7), (0.1,          0.4), (0.6,          8.7) 	北辰实业 	房地产>房地产
600173 (0.4          4.1), (1.5,         97.8), (0.9,         21.4), (0.1,          0.6) 	卧龙地产 	房地产>房地产
300618 (1.2         13.8), (1.3,         13.9), (1.3,         14.3), (1.0,          6.6) 	寒锐钴业 	金属>稀有金属   ****
603799 (0.7          8.2), (0.7,          6.8), (0.6,          5.8), (1.0,         16.2) 	华友钴业 	金属>稀有金属
300467 (2.4         69.0), (2.7,        108.5), (2.8,        112.3), (0.8,          1.6) 	迅游科技 	传媒>互联网传媒 ****
300459 (1.6         24.5), (1.6,         27.7), (0.7,          2.1), (0.6,          1.1) 	金科文化 	传媒>互联网传媒 ****
000676 (0.8          6.8), (0.9,         11.3), (0.3,          0.6), (1.7,         64.9) 	智度股份 	传媒>互联网传媒
601100 (1.6         21.3), (1.4,         12.7), (0.6,          0.7), (1.0,          5.6) 	恒立液压 	机械制品>通用设备 ****
300391 (1.0          7.4), (0.8,          4.2), (0.4,          0.4), (2.2,         83.2) 	康跃科技 	机械制品>通用设备
300450 (1.0          4.2), (1.1,          5.7), (1.6,         18.9), (1.0,          4.9) 	先导智能 	机械制品>通用设备
600681 (0.9         13.2), (0.8,          9.4), (1.0,         17.3), (0.7,          7.8) 	百川能源 	公共>燃气       ****
002717 (0.7          5.2), (0.9,         10.3), (1.2,         25.3), (0.9,          9.5) 	岭南股份 	建筑装饰>公园建设
600782 (1.9        315.7), (2.0,        376.8), (0.1,          2.2), (0.6,         18.3) 	新钢股份 	钢铁    ****
601003 (1.6        149.7), (1.3,         81.1), (0.2,          1.6), (0.6,         10.9) 	柳钢股份 	钢铁
002478 (2.5        135.1), (3.8,        647.8), (0.6,          1.8), (0.6,          1.5) 	常宝股份 	钢铁    ****
000932 (1.1         79.6), (1.1,         79.4), (0.2,          4.1), (0.5,         14.8) 	华菱钢铁 	钢铁
000898 (1.1         47.1), (0.8,         21.4), (0.3,          3.3), (0.5,          7.0) 	鞍钢股份 	钢铁
600808 (1.0         43.7), (1.0,         36.1), (0.2,          2.1), (0.5,          9.2) 	马钢股份 	钢铁
000825 (0.9         35.1), (0.9,         37.2), (0.1,          1.4), (0.2,          2.7) 	太钢不锈 	钢铁
600282 (0.7         23.1), (0.8,         31.7), (0.2,          4.4), (0.6,         15.4) 	南钢股份 	钢铁
600569 (0.6         17.9), (0.5,         14.4), (0.3,          5.0), (0.2,          3.8) 	安阳钢铁 	钢铁
000717 (0.6         16.0), (0.4,          8.4), (0.0,          1.2), (0.9,         38.4) 	韶钢松山 	钢铁
600507 (0.5         10.0), (0.5,         10.1), (0.3,          3.6), (0.6,         12.3) 	方大特钢 	钢铁
002110 (0.3          5.3), (0.8,         25.0), (0.7,         20.5), (0.6,         14.6) 	三钢闽光 	钢铁
002541 (0.8          9.1), (1.4,         32.4), (0.5,          2.3), (0.4,          1.4) 	鸿路钢构 	建筑装饰>专业工程   ****
000058 (1.0          7.4), (0.8,          3.4), (0.7,          2.6), (1.9,         57.8) 	深赛格 	商业贸易>商业物业
300308 (2.8         51.8), (3.0,         67.7), (2.7,         43.8), (16.9,     120868.8) 	中际旭创 	通讯>设备   ****
002359 (2.0         43.1), (1.3,         10.2), (0.9,          4.0), (1.2,          9.0) 	北讯集团 	通讯>设备
300638 (1.3          6.1), (1.2,          5.2), (1.7,         16.2), (0.6,          0.3) 	广和通 	通讯>设备       ****
600516 (1.2         51.8), (1.3,         57.2), (0.8,         14.5), (2.5,        480.3) 	方大炭素 	金属>新材料
603260 (1.3         27.1), (1.3,         26.3), (0.7,          5.1), (0.5,          2.4) 	合盛硅业 	金属>新材料 ****
603113 (0.5          5.2), (0.5,          3.8), (0.3,          1.8), (0.6,          5.8) 	金能科技 	采掘>煤矿
300276 (21.5     508735.7), (57.8,   62423514.9), (4.8,        567.5), (0.9,          1.3) 	三丰智能 	机械制品>专用设备
300461 (3.4        118.4), (3.9,        200.6), (1.1,          1.8), (1.4,          4.4) 	田中精机 	机械制品>专用设备
002685 (2.2         64.3), (27.5,    3796559.2), (1.2,          8.9), (1.3,         13.1) 	华东重机 	机械制品>专用设备
002097 (2.1         63.0), (3.8,        573.8), (0.5,          0.9), (1.0,          5.8) 	山河智能 	机械制品>专用设备   ****
600031 (1.7         39.6), (2.4,        122.6), (0.5,          0.8), (0.6,          2.4) 	三一重工 	机械制品>专用设备
601717 (1.1          9.8), (0.8,          3.6), (2.6,        137.8), (1.1,          8.2) 	郑煤机 	机械制品>专用设备
000425 (0.9          8.1), (1.0,         10.4), (0.6,          2.3), (0.7,          4.1) 	徐工机械 	机械制品>专用设备
603357 (1.0         10.9), (1.1,         11.9), (0.4,          1.2), (0.4,          1.0) 	设计总院 	建筑装饰>基础建设   ****
000789 (2.7        397.7), (2.9,        502.4), (0.5,          3.5), (0.3,          0.7) 	万年青 	建材>水泥           ****
600801 (2.2        241.9), (2.4,        291.7), (0.3,          1.8), (0.5,          4.9) 	华新水泥 	建材>水泥
002233 (1.4         38.5), (1.6,         56.7), (0.5,          2.6), (0.3,          0.6) 	塔牌集团 	建材>水泥   ****
600585 (1.1         33.9), (1.5,         78.7), (0.6,          6.5), (0.3,          2.7) 	海螺水泥 	建材>水泥
000672 (1.0         30.6), (1.0,         30.2), (0.2,          1.7), (0.6,          8.2) 	上峰水泥 	建材>水泥
600668 (0.7          8.1), (0.7,          8.9), (0.2,          0.5), (0.2,          0.6) 	尖峰集团 	建材>水泥
000785 (1.7        263.1), (0.5,         13.9), (0.0,          1.0), (-0.0,          0.7) 	武汉中商
002102 (0.6          3.7), (1.5,         46.4), (0.7,          5.9), (10.0,      73340.1) 	ST冠福
002626 (0.6          3.7), (1.8,         75.7), (0.5,          2.8), (0.3,          0.5) 	金达威
total: 99


塔牌集团                                                ****
('002233', 1.4, 38.54892205476037)
('002233', 1.5882072300652745, 56.686431287049025)
('002233', 0.4868471228697665, 2.6091923346118744)
('002233', 0.2576098667188365, 0.5624571738193319)

立讯精密                                                ****
('002475', 0.5, 0.7764797107658586)
('002475', 0.6243599273207796, 1.645545841996396)
('002475', 0.5923459366118646, 1.3949203616441368)
('002475', 0.6585601557845174, 1.9360273458890365)
设研院                                                  ****
('300732', 0.448891829309, 2.0304175370533013)
('300732', 0.20240464344941958, 0.19282265142033803)
('300732', 0.19388521634615385, 0.1511595644267833)
('300732', 0.581172015013695, 3.690490384674225)
欣旺达                                                  *****
('300207', 0.418818395213, 0.8106200395085558)
('300207', 0.4437285053563664, 0.9752447991640932)
('300207', 0.45032363587671626, 1.0207746893569771)
('300207', 0.744278729304754, 4.084786166935738)

智度股份                                              *****
('000676', 0.7586415825989999, 6.781253500449758)
('000676', 0.9278127938155101, 11.316495886246958)
('000676', 0.2761826213690954, 0.5657665354103354)
('000676', 1.6961772581334258, 64.90298431234433)

永利股份                                            *****
('300230', 0.619549768465, 5.702862052575386)
('300230', 0.37733804475853944, 1.981889243522083)
('300230', 0.15817451944813601, 0.2535995270804322)
('300230', 0.6895154889177191, 7.281322120518192)
开创国际                                            ****
('600097', 3.4724351953299997, 737.6632766167519)
('600097', 4.922562141491396, 3006.9759311039966)
('600097', 0.11306232893269598, -0.2947815781768237)
('600097', 0.5560314434201248, 2.7654602692397035)

利亚德                                              ****
('300296', 0.492068502881, 2.75994958159153)
('300296', 0.4675150370333549, 2.4605968495704507)
('300296', 0.26767973718962756, 0.6645082456006561)
('300296', 0.4780467525822647, 2.5865679734858738)
先河环保                                        ****
('300137', 0.557765552264, 2.0011488428753905)
('300137', 0.7069528698086794, 3.7411610331387997)
('300137', 0.31351048503281576, 0.27921862863930896)
('300137', 0.3204397497276895, 0.31331832417568295)
梅泰诺                                              *****
('300038', 0.7441984780830001, 4.953799517284316)
('300038', 0.7504103017295796, 5.060577282963076)
('300038', 0.8616136608899894, 7.2463635387101375)
('300038', 1.795442075958627, 61.96035659257699)


亨通光电                                                -------------------------
格力电器                                                --------------------------

北大荒                  -------------------------------------------------------
中国平安                                                ----------------------------
安徽合力                                                --------------------------
中国建筑                                                -----------------------
万科A                                                   -------------------------
北方国际                                        --------------------------------
五粮液                                                  ---------------------------
韵达股份                                                ------------------------
格林美                                          ---------------------------------
浙江交科                -----------------------------------------------------
