======================================= Filter ================================================
            if bl["profit_adding"] < 60:
                return (False, "DISCARD")
            if bl["profit2_adding"] < 0:
                return (False, "DISCARD")
            if bl["sales_adding"] < 0:
                return (False, "DISCARD")
            if bl["profit"] < 1000000000:
                return (False, "DISCARD")

richard@rv:~/sw/stock/moneysea2$ python moneysea test way indicator season3

year: 2007  total: 13
    -100      -90      -80      -70      -60      -50      -40      -30      -20      -10        0       10       20       30       40       50       60       70       80       90 
  100.00   100.00   100.00   100.00   100.00   100.00   100.00   100.00   100.00   100.00    92.31    92.31    92.31    92.31    92.31    92.31    92.31    76.92    76.92    69.23 
year: 2008  total: 16
    -100      -90      -80      -70      -60      -50      -40      -30      -20      -10        0       10       20       30       40       50       60       70       80       90 
  100.00   100.00   100.00    93.75    93.75    93.75    87.50    81.25    81.25    81.25    81.25    81.25    81.25    75.00    56.25    31.25    18.75     6.25     6.25     6.25 
year: 2009  total: 4
    -100      -90      -80      -70      -60      -50      -40      -30      -20      -10        0       10       20       30       40       50       60       70       80       90 
  100.00   100.00   100.00   100.00   100.00   100.00   100.00   100.00   100.00   100.00   100.00   100.00   100.00   100.00   100.00   100.00    75.00    75.00    75.00    75.00 
year: 2010  total: 21
    -100      -90      -80      -70      -60      -50      -40      -30      -20      -10        0       10       20       30       40       50       60       70       80       90 
  100.00   100.00   100.00   100.00   100.00   100.00   100.00   100.00   100.00   100.00   100.00   100.00    95.24    95.24    95.24    90.48    71.43    47.62    38.10    33.33 
year: 2011  total: 5
    -100      -90      -80      -70      -60      -50      -40      -30      -20      -10        0       10       20       30       40       50       60       70       80       90 
  100.00   100.00   100.00   100.00   100.00   100.00   100.00   100.00   100.00   100.00   100.00   100.00   100.00    80.00    80.00    80.00    60.00    40.00    40.00     0.00 
year: 2012  total: 2
    -100      -90      -80      -70      -60      -50      -40      -30      -20      -10        0       10       20       30       40       50       60       70       80       90 
  100.00   100.00   100.00   100.00   100.00   100.00   100.00   100.00   100.00   100.00   100.00   100.00   100.00   100.00   100.00   100.00    50.00     0.00     0.00     0.00 
year: 2013  total: 4
    -100      -90      -80      -70      -60      -50      -40      -30      -20      -10        0       10       20       30       40       50       60       70       80       90 
  100.00   100.00   100.00   100.00   100.00   100.00   100.00   100.00   100.00   100.00   100.00   100.00   100.00   100.00   100.00    75.00    75.00    50.00    50.00    50.00 
year: 2014  total: 9
    -100      -90      -80      -70      -60      -50      -40      -30      -20      -10        0       10       20       30       40       50       60       70       80       90 
  100.00   100.00   100.00   100.00   100.00   100.00   100.00   100.00   100.00   100.00   100.00   100.00   100.00   100.00    88.89    88.89    77.78    77.78    77.78    77.78 
year: 2015  total: 13
    -100      -90      -80      -70      -60      -50      -40      -30      -20      -10        0       10       20       30       40       50       60       70       80       90 
  100.00   100.00   100.00   100.00   100.00   100.00   100.00   100.00   100.00   100.00   100.00   100.00   100.00    92.31    84.62    76.92    61.54    61.54    46.15    46.15 
year: 2016  total: 5
    -100      -90      -80      -70      -60      -50      -40      -30      -20      -10        0       10       20       30       40       50       60       70       80       90 
  100.00   100.00   100.00   100.00   100.00   100.00   100.00   100.00   100.00   100.00   100.00   100.00   100.00   100.00    80.00    60.00    60.00    60.00    40.00    40.00 
year: 2017  total: 15
    -100      -90      -80      -70      -60      -50      -40      -30      -20      -10        0       10       20       30       40       50       60       70       80       90 
  100.00   100.00   100.00   100.00   100.00   100.00   100.00   100.00   100.00   100.00   100.00   100.00   100.00   100.00   100.00    93.33    73.33    66.67    60.00    40.00 
塔牌集团 002233
海螺水泥 600585
冀东水泥 000401
中国电影 600977
韵达股份 002120
华新水泥 600801
梅泰诺 300038

python moneysea test way avgsales

        for v in NN:
            print v.name(), v.addings(), v.a(),  v.dratio()

richard@rv:~/sw/stock/moneysea2$ python moneysea test way avgsales | grep 塔牌
塔牌集团 {'sales_adding': 48.68, 'profit2_adding': 158.82, 'profit_adding': 147.38} 0.0910553007409 0.508771037203  -------------- Dratio Good
>>
richard@rv:~/sw/stock/moneysea2$ python moneysea test way avgsales | grep 水泥
上峰水泥 {'sales_adding': 23.33, 'profit2_adding': 101.09, 'profit_adding': 101.61} 0.461145607644 8.76076842069
华新水泥 {'sales_adding': 32.68, 'profit2_adding': 237.33, 'profit_adding': 224.98} 0.254604960581 3.34938624616
海螺水泥 {'sales_adding': 55.46, 'profit2_adding': 149.09, 'profit_adding': 111.2} 0.215475838044 2.62181862116  ----------------- Dratio Good
>>
福建水泥 {'sales_adding': 70.41, 'profit2_adding': 438.49, 'profit_adding': 501.2} 0.0970014008609 0.109696109254
冀东水泥 {'sales_adding': 15.03, 'profit2_adding': 244.65, 'profit_adding': 111.7} 0.173237152462 0.0358615975855
>>
richard@rv:~/sw/stock/moneysea2$ python moneysea test way avgsales | grep 电影
richard@rv:~/sw/stock/moneysea2$ python moneysea test way avgsales | grep 韵达
韵达股份 {'sales_adding': 35.23, 'profit2_adding': 23.99, 'profit_adding': 68.42} 0.405792207847 1.31226385005   ----------------- Dratio Good
>>
richard@rv:~/sw/stock/moneysea2$ python moneysea test way avgsales | grep 梅泰诺
梅泰诺 {'sales_adding': 86.16, 'profit2_adding': 75.04, 'profit_adding': 74.42} 0.892625491216 12.4721999274
>>

联建 =>  塔牌集团
广汽集团 =>  韵达股份 
xx => 梅泰诺























